{"producer":{"name":"Blender","version":"4.2.3 LTS","exporter_version":"3.3.2","file":"Low_Poly_Male2.babylon"},
"autoClear":true,"clearColor":[0.0509,0.0509,0.0509],"gravity":[0,-9.81,0],
"materials":[{"name":"Material.006","id":"Material.006","customType":"BABYLON.PBRMaterial","albedo":[0.2633,0.04,0],"reflectivity":[0,0,0],"metallic":0},
{"name":"Material.001","id":"Material.001","customType":"BABYLON.PBRMaterial","albedo":[0,0,0],"reflectivity":[0,0,0],"metallic":0},
{"name":"Material","id":"Material","customType":"BABYLON.PBRMaterial","albedo":[1,0.4913,0.303],"reflectivity":[0,0,0],"metallic":0},
{"name":"Material.002","id":"Material.002","customType":"BABYLON.PBRMaterial","albedo":[1,0.1108,0.0418],"reflectivity":[0,0,0],"metallic":0},
{"name":"Material.003","id":"Material.003","customType":"BABYLON.PBRMaterial","albedo":[0.0314,0.1433,0.2199],"reflectivity":[0,0,0],"metallic":0},
{"name":"Material.004","id":"Material.004","customType":"BABYLON.PBRMaterial","albedo":[0.448,0.2241,0.1404],"reflectivity":[0,0,0],"metallic":0},
{"name":"Material.005","id":"Material.005","customType":"BABYLON.PBRMaterial","albedo":[0.3185,0.0397,0.0164],"reflectivity":[0,0,0],"metallic":0}],
"multiMaterials":[{"name":"Low_Poly_Male2.Multimaterial#0","id":"Low_Poly_Male2.Multimaterial#0","materials":["Material","Material.002","Material.003","Material.004","Material.005"]}],
"skeletons":[{"name":"Armature","id":0,"dimensionsAtRest":[6.1395,7.129,2.5151],"bones":[
{"name":"Index.Badan","index":0,"matrix":[-1,0,0,0,0,0,-1,0,0,1,0,0,0,-0.8688,1.1274,1],"rest":[-1,0,0,0,0,0,-1,0,0,1,0,0,0,-0.4959,1.1274,1],"parentBoneIndex":-1,"length":1.1274
,"animation":
{"name":"anim","property":"_matrix","dataType":3,"framePerSecond":24,"loopBehavior":1,"keys":[
{"frame":0,"values":[-1,0,0,0,0,0,-1,0,0,1,0,0,0,-0.4959,1.1274,1]},
{"frame":1,"values":[-1,0,0,0,0,0,-1,0,0,1,0,0,0,-0.8688,1.1274,1]},
{"frame":2,"values":[-1,0,0,0,0,0,-1,0,0,1,0,0,0,-0.8389,1.1274,1]},
{"frame":3,"values":[-1,0,0,0,0,0,-1,0,0,1,0,0,0,-0.7634,1.1274,1]},
{"frame":4,"values":[-1,0,0,0,0,0,-1,0,0,1,0,0,0,-0.6682,1.1274,1]},
{"frame":5,"values":[-1,0,0,0,0,0,-1,0,0,1,0,0,0,-0.5795,1.1274,1]},
{"frame":6,"values":[-1,0,0,0,0,0,-1,0,0,1,0,0,0,-0.5179,1.1274,1]},
{"frame":7,"values":[-1,0,0,0,0,0,-1,0,0,1,0,0,0,-0.4959,1.1274,1]},
{"frame":8,"values":[-1,0,0,0,0,0,-1,0,0,1,0,0,0,-0.5189,1.1274,1]},
{"frame":9,"values":[-1,0,0,0,0,0,-1,0,0,1,0,0,0,-0.5859,1.1274,1]},
{"frame":10,"values":[-1,0,0,0,0,0,-1,0,0,1,0,0,0,-0.6823,1.1274,1]},
{"frame":11,"values":[-1,0,0,0,0,0,-1,0,0,1,0,0,0,-0.7787,1.1274,1]},
{"frame":12,"values":[-1,0,0,0,0,0,-1,0,0,1,0,0,0,-0.8457,1.1274,1]},
{"frame":13,"values":[-1,0,0,0,0,0,-1,0,0,1,0,0,0,-0.8688,1.1274,1]},
{"frame":14,"values":[-1,0,0,0,0,0,-1,0,0,1,0,0,0,-0.8457,1.1274,1]},
{"frame":15,"values":[-1,0,0,0,0,0,-1,0,0,1,0,0,0,-0.7787,1.1274,1]},
{"frame":16,"values":[-1,0,0,0,0,0,-1,0,0,1,0,0,0,-0.6823,1.1274,1]},
{"frame":17,"values":[-1,0,0,0,0,0,-1,0,0,1,0,0,0,-0.5859,1.1274,1]},
{"frame":18,"values":[-1,0,0,0,0,0,-1,0,0,1,0,0,0,-0.5189,1.1274,1]},
{"frame":19,"values":[-1,0,0,0,0,0,-1,0,0,1,0,0,0,-0.4959,1.1274,1]},
{"frame":20,"values":[-1,0,0,0,0,0,-1,0,0,1,0,0,0,-0.5189,1.1274,1]},
{"frame":21,"values":[-1,0,0,0,0,0,-1,0,0,1,0,0,0,-0.5859,1.1274,1]},
{"frame":22,"values":[-1,0,0,0,0,0,-1,0,0,1,0,0,0,-0.6823,1.1274,1]},
{"frame":23,"values":[-1,0,0,0,0,0,-1,0,0,1,0,0,0,-0.7787,1.1274,1]},
{"frame":24,"values":[-1,0,0,0,0,0,-1,0,0,1,0,0,0,-0.8457,1.1274,1]},
{"frame":25,"values":[-1,0,0,0,0,0,-1,0,0,1,0,0,0,-0.8688,1.1274,1]}]}},
{"name":"perut","index":1,"matrix":[-1,0,0,0,0,0,1,0,0,1,0,0,0,1.1274,0,1],"rest":[-1,0,0,0,0,0,1,0,0,1,0,0,0,1.1274,0,1],"parentBoneIndex":0,"length":0.547
,"animation":
{"name":"anim","property":"_matrix","dataType":3,"framePerSecond":24,"loopBehavior":1,"keys":[
{"frame":0,"values":[-1,0,0,0,0,0,1,0,0,1,0,0,0,1.1274,0,1]},
{"frame":2,"values":[-1,0,0,0,0,0.0007,1,0,0,1,-0.0007,0,0,1.1274,0,1]},
{"frame":3,"values":[-1,0,0,0,0,0.0021,1,0,0,1,-0.0021,0,0,1.1274,0,1]},
{"frame":4,"values":[-1,0,0,0,0,0.0036,1,0,0,1,-0.0036,0,0,1.1274,0,1]},
{"frame":5,"values":[-1,0,0,0,0,0.0052,1,0,0,1,-0.0052,0,0,1.1274,0,1]},
{"frame":6,"values":[-1,0,0,0,0,0.0068,1,0,0,1,-0.0068,0,0,1.1274,0,1]},
{"frame":7,"values":[-1,0,0,0,0,0.0083,1,0,0,1,-0.0083,0,0,1.1274,0,1]},
{"frame":8,"values":[-1,0,0,0,0,0.0097,1,0,0,1,-0.0097,0,0,1.1274,0,1]},
{"frame":9,"values":[-1,0,0,0,0,0.011,0.9999,0,0,0.9999,-0.011,0,0,1.1274,0,1]},
{"frame":10,"values":[-1,0,0,0,0,0.012,0.9999,0,0,0.9999,-0.012,0,0,1.1274,0,1]},
{"frame":11,"values":[-1,0,0,0,0,0.0128,0.9999,0,0,0.9999,-0.0128,0,0,1.1274,0,1]},
{"frame":12,"values":[-1,0,0,0,0,0.0134,0.9999,0,0,0.9999,-0.0134,0,0,1.1274,0,1]},
{"frame":13,"values":[-1,0,0,0,0,0.0135,0.9999,0,0,0.9999,-0.0135,0,0,1.1274,0,1]},
{"frame":14,"values":[-1,0,0,0,0,0.0133,0.9999,0,0,0.9999,-0.0133,0,0,1.1274,0,1]},
{"frame":15,"values":[-1,0,0,0,0,0.0127,0.9999,0,0,0.9999,-0.0127,0,0,1.1274,0,1]},
{"frame":16,"values":[-1,0,0,0,0,0.0117,0.9999,0,0,0.9999,-0.0117,0,0,1.1274,0,1]},
{"frame":17,"values":[-1,0,0,0,0,0.0103,0.9999,0,0,0.9999,-0.0103,0,0,1.1274,0,1]},
{"frame":18,"values":[-1,0,0,0,0,0.0086,1,0,0,1,-0.0086,0,0,1.1274,0,1]},
{"frame":19,"values":[-1,0,0,0,0,0.0068,1,0,0,1,-0.0068,0,0,1.1274,0,1]},
{"frame":20,"values":[-1,0,0,0,0,0.0049,1,0,0,1,-0.0049,0,0,1.1274,0,1]},
{"frame":21,"values":[-1,0,0,0,0,0.0033,1,0,0,1,-0.0033,0,0,1.1274,0,1]},
{"frame":22,"values":[-1,0,0,0,0,0.0019,1,0,0,1,-0.0019,0,0,1.1274,0,1]},
{"frame":23,"values":[-1,0,0,0,0,0.0008,1,0,0,1,-0.0008,0,0,1.1274,0,1]},
{"frame":24,"values":[-1,0,0,0,0,0.0002,1,0,0,1,-0.0002,0,0,1.1274,0,1]},
{"frame":25,"values":[-1,0,0,0,0,0,1,0,0,1,0,0,0,1.1274,0,1]}]}},
{"name":"rusuk","index":2,"matrix":[1,0,0,0,0,1,0,0,0,0,1,0,0,0.547,0,1],"rest":[1,0,0,0,0,1,0,0,0,0,1,0,0,0.547,0,1],"parentBoneIndex":1,"length":0.7317
,"animation":
{"name":"anim","property":"_matrix","dataType":3,"framePerSecond":24,"loopBehavior":1,"keys":[
{"frame":0,"values":[1,0,0,0,0,1,0,0,0,0,1,0,0,0.547,0,1]},
{"frame":2,"values":[1,0,0,0,0,1,-0.0009,0,0,0.0009,1,0,0,0.547,0,1]},
{"frame":3,"values":[1,0,0,0,0,1,-0.0025,0,0,0.0025,1,0,0,0.547,0,1]},
{"frame":4,"values":[1,0,0,0,0,1,-0.0044,0,0,0.0044,1,0,0,0.547,0,1]},
{"frame":5,"values":[1,0,0,0,0,1,-0.0064,0,0,0.0064,1,0,0,0.547,0,1]},
{"frame":6,"values":[1,0,0,0,0,1,-0.0084,0,0,0.0084,1,0,0,0.547,0,1]},
{"frame":7,"values":[1,0,0,0,0,0.9999,-0.0102,0,0,0.0102,0.9999,0,0,0.547,0,1]},
{"frame":8,"values":[1,0,0,0,0,0.9999,-0.012,0,0,0.012,0.9999,0,0,0.547,0,1]},
{"frame":9,"values":[1,0,0,0,0,0.9999,-0.0135,0,0,0.0135,0.9999,0,0,0.547,0,1]},
{"frame":10,"values":[1,0,0,0,0,0.9999,-0.0148,0,0,0.0148,0.9999,0,0,0.547,0,1]},
{"frame":11,"values":[1,0,0,0,0,0.9999,-0.0158,0,0,0.0158,0.9999,0,0,0.547,0,1]},
{"frame":12,"values":[1,0,0,0,0,0.9999,-0.0164,0,0,0.0164,0.9999,0,0,0.547,0,1]},
{"frame":13,"values":[1,0,0,0,0,0.9999,-0.0167,0,0,0.0167,0.9999,0,0,0.547,0,1]},
{"frame":14,"values":[1,0,0,0,0,0.9999,-0.0164,0,0,0.0164,0.9999,0,0,0.547,0,1]},
{"frame":15,"values":[1,0,0,0,0,0.9999,-0.0156,0,0,0.0156,0.9999,0,0,0.547,0,1]},
{"frame":16,"values":[1,0,0,0,0,0.9999,-0.0144,0,0,0.0144,0.9999,0,0,0.547,0,1]},
{"frame":17,"values":[1,0,0,0,0,0.9999,-0.0126,0,0,0.0126,0.9999,0,0,0.547,0,1]},
{"frame":18,"values":[1,0,0,0,0,0.9999,-0.0106,0,0,0.0106,0.9999,0,0,0.547,0,1]},
{"frame":19,"values":[1,0,0,0,0,1,-0.0083,0,0,0.0083,1,0,0,0.547,0,1]},
{"frame":20,"values":[1,0,0,0,0,1,-0.0061,0,0,0.0061,1,0,0,0.547,0,1]},
{"frame":21,"values":[1,0,0,0,0,1,-0.004,0,0,0.004,1,0,0,0.547,0,1]},
{"frame":22,"values":[1,0,0,0,0,1,-0.0023,0,0,0.0023,1,0,0,0.547,0,1]},
{"frame":23,"values":[1,0,0,0,0,1,-0.001,0,0,0.001,1,0,0,0.547,0,1]},
{"frame":24,"values":[1,0,0,0,0,1,-0.0003,0,0,0.0003,1,0,0,0.547,0,1]},
{"frame":25,"values":[1,0,0,0,0,1,0,0,0,0,1,0,0,0.547,0,1]}]}},
{"name":"leher","index":3,"matrix":[1,0,0,0,0,1,0,0,0,0,1,0,0,0.9213,0,1],"rest":[1,0,0,0,0,1,0,0,0,0,1,0,0,0.9213,0,1],"parentBoneIndex":2,"length":0.4365
,"animation":
{"name":"anim","property":"_matrix","dataType":3,"framePerSecond":24,"loopBehavior":1,"keys":[
{"frame":0,"values":[1,0,0,0,0,1,0,0,0,0,1,0,0,0.9213,0,1]},
{"frame":2,"values":[1,0,0,0,0,1,0.0037,0,0,-0.0037,1,0,0,0.9213,0,1]},
{"frame":3,"values":[1,0,0,0,0,0.9999,0.0107,0,0,-0.0107,0.9999,0,0,0.9213,0,1]},
{"frame":4,"values":[1,0,0,0,0,0.9998,0.0189,0,0,-0.0189,0.9998,0,0,0.9213,0,1]},
{"frame":5,"values":[1,0,0,0,0,0.9996,0.0273,0,0,-0.0273,0.9996,0,0,0.9213,0,1]},
{"frame":6,"values":[1,0,0,0,0,0.9994,0.0356,0,0,-0.0356,0.9994,0,0,0.9213,0,1]},
{"frame":7,"values":[1,0,0,0,0,0.9991,0.0435,0,0,-0.0435,0.9991,0,0,0.9213,0,1]},
{"frame":8,"values":[1,0,0,0,0,0.9987,0.0507,0,0,-0.0507,0.9987,0,0,0.9213,0,1]},
{"frame":9,"values":[1,0,0,0,0,0.9984,0.0572,0,0,-0.0572,0.9984,0,0,0.9213,0,1]},
{"frame":10,"values":[1,0,0,0,0,0.998,0.0627,0,0,-0.0627,0.998,0,0,0.9213,0,1]},
{"frame":11,"values":[1,0,0,0,0,0.9978,0.0669,0,0,-0.0669,0.9978,0,0,0.9213,0,1]},
{"frame":12,"values":[1,0,0,0,0,0.9976,0.0697,0,0,-0.0697,0.9976,0,0,0.9213,0,1]},
{"frame":13,"values":[1,0,0,0,0,0.9975,0.0707,0,0,-0.0707,0.9975,0,0,0.9213,0,1]},
{"frame":14,"values":[1,0,0,0,0,0.9976,0.0696,0,0,-0.0696,0.9976,0,0,0.9213,0,1]},
{"frame":15,"values":[1,0,0,0,0,0.9978,0.0663,0,0,-0.0663,0.9978,0,0,0.9213,0,1]},
{"frame":16,"values":[1,0,0,0,0,0.9981,0.0609,0,0,-0.0609,0.9981,0,0,0.9213,0,1]},
{"frame":17,"values":[1,0,0,0,0,0.9986,0.0536,0,0,-0.0536,0.9986,0,0,0.9213,0,1]},
{"frame":18,"values":[1,0,0,0,0,0.999,0.0449,0,0,-0.0449,0.999,0,0,0.9213,0,1]},
{"frame":19,"values":[1,0,0,0,0,0.9994,0.0354,0,0,-0.0354,0.9994,0,0,0.9213,0,1]},
{"frame":20,"values":[1,0,0,0,0,0.9997,0.0258,0,0,-0.0258,0.9997,0,0,0.9213,0,1]},
{"frame":21,"values":[1,0,0,0,0,0.9999,0.0171,0,0,-0.0171,0.9999,0,0,0.9213,0,1]},
{"frame":22,"values":[1,0,0,0,0,1,0.0098,0,0,-0.0098,1,0,0,0.9213,0,1]},
{"frame":23,"values":[1,0,0,0,0,1,0.0044,0,0,-0.0044,1,0,0,0.9213,0,1]},
{"frame":24,"values":[1,0,0,0,0,1,0.0011,0,0,-0.0011,1,0,0,0.9213,0,1]},
{"frame":25,"values":[1,0,0,0,0,1,0,0,0,0,1,0,0,0.9213,0,1]}]}},
{"name":"kepala","index":4,"matrix":[1,0,0,0,0,1,0,0,0,0,1,0,0,0.4365,0,1],"rest":[1,0,0,0,0,1,0,0,0,0,1,0,0,0.4365,0,1],"parentBoneIndex":3,"length":0.8948
,"animation":
{"name":"anim","property":"_matrix","dataType":3,"framePerSecond":24,"loopBehavior":1,"keys":[
{"frame":0,"values":[1,0,0,0,0,1,0,0,0,0,1,0,0,0.4365,0,1]},
{"frame":2,"values":[1,0,0,0,0,1,-0.0041,0,0,0.0041,1,0,0,0.4365,0,1]},
{"frame":3,"values":[1,0,0,0,0,0.9999,-0.0118,0,0,0.0118,0.9999,0,0,0.4365,0,1]},
{"frame":4,"values":[1,0,0,0,0,0.9998,-0.0208,0,0,0.0208,0.9998,0,0,0.4365,0,1]},
{"frame":5,"values":[1,0,0,0,0,0.9995,-0.0301,0,0,0.0301,0.9995,0,0,0.4365,0,1]},
{"frame":6,"values":[1,0,0,0,0,0.9992,-0.0392,0,0,0.0392,0.9992,0,0,0.4365,0,1]},
{"frame":7,"values":[1,0,0,0,0,0.9989,-0.0479,0,0,0.0479,0.9989,0,0,0.4365,0,1]},
{"frame":8,"values":[1,0,0,0,0,0.9984,-0.0559,0,0,0.0559,0.9984,0,0,0.4365,0,1]},
{"frame":9,"values":[1,0,0,0,0,0.998,-0.0631,0,0,0.0631,0.998,0,0,0.4365,0,1]},
{"frame":10,"values":[1,0,0,0,0,0.9976,-0.0691,0,0,0.0691,0.9976,0,0,0.4365,0,1]},
{"frame":11,"values":[1,0,0,0,0,0.9973,-0.0738,0,0,0.0738,0.9973,0,0,0.4365,0,1]},
{"frame":12,"values":[1,0,0,0,0,0.997,-0.0768,0,0,0.0768,0.997,0,0,0.4365,0,1]},
{"frame":13,"values":[1,0,0,0,0,0.997,-0.0779,0,0,0.0779,0.997,0,0,0.4365,0,1]},
{"frame":14,"values":[1,0,0,0,0,0.9971,-0.0767,0,0,0.0767,0.9971,0,0,0.4365,0,1]},
{"frame":15,"values":[1,0,0,0,0,0.9973,-0.0731,0,0,0.0731,0.9973,0,0,0.4365,0,1]},
{"frame":16,"values":[1,0,0,0,0,0.9977,-0.0672,0,0,0.0672,0.9977,0,0,0.4365,0,1]},
{"frame":17,"values":[1,0,0,0,0,0.9983,-0.0591,0,0,0.0591,0.9983,0,0,0.4365,0,1]},
{"frame":18,"values":[1,0,0,0,0,0.9988,-0.0495,0,0,0.0495,0.9988,0,0,0.4365,0,1]},
{"frame":19,"values":[1,0,0,0,0,0.9992,-0.039,0,0,0.039,0.9992,0,0,0.4365,0,1]},
{"frame":20,"values":[1,0,0,0,0,0.9996,-0.0285,0,0,0.0285,0.9996,0,0,0.4365,0,1]},
{"frame":21,"values":[1,0,0,0,0,0.9998,-0.0188,0,0,0.0188,0.9998,0,0,0.4365,0,1]},
{"frame":22,"values":[1,0,0,0,0,0.9999,-0.0108,0,0,0.0108,0.9999,0,0,0.4365,0,1]},
{"frame":23,"values":[1,0,0,0,0,1,-0.0048,0,0,0.0048,1,0,0,0.4365,0,1]},
{"frame":24,"values":[1,0,0,0,0,1,-0.0012,0,0,0.0012,1,0,0,0.4365,0,1]},
{"frame":25,"values":[1,0,0,0,0,1,0,0,0,0,1,0,0,0.4365,0,1]}]}},
{"name":"bahu.L","index":5,"matrix":[0,0,1,0,0.9989,-0.0458,0,0,0.0458,0.9989,0,0,0,0.7317,0,1],"rest":[0,0,1,0,0.9989,-0.0458,0,0,0.0458,0.9989,0,0,0,0.7317,0,1],"parentBoneIndex":2,"length":0.662
,"animation":
{"name":"anim","property":"_matrix","dataType":3,"framePerSecond":24,"loopBehavior":1,"keys":[
{"frame":0,"values":[0,0,1,0,0.9989,-0.0458,0,0,0.0458,0.9989,0,0,0,0.7317,0,1]},
{"frame":25,"values":[0,0,1,0,0.9989,-0.0458,0,0,0.0458,0.9989,0,0,0,0.7317,0,1]}]}},
{"name":"lengan.atas.L","index":6,"matrix":[0.8793,-0.0119,0.4762,0,0.47,0.184,-0.8633,0,-0.0773,0.9829,0.1673,0,0,0.662,0,1],"rest":[0.9977,0.0682,-0.0059,0,-0.0684,0.9939,-0.087,0,-0.0001,0.0872,0.9962,0,0,0.662,0,1],"parentBoneIndex":5,"length":0.962
,"animation":
{"name":"anim","property":"_matrix","dataType":3,"framePerSecond":24,"loopBehavior":1,"keys":[
{"frame":0,"values":[0.9977,0.0682,-0.0059,0,-0.0684,0.9939,-0.087,0,-0.0001,0.0872,0.9962,0,0,0.662,0,1]},
{"frame":1,"values":[0.8793,-0.0119,0.4762,0,0.47,0.184,-0.8633,0,-0.0773,0.9829,0.1673,0,0,0.662,0,1]},
{"frame":2,"values":[0.9049,-0.0094,0.4255,0,0.4198,0.1846,-0.8886,0,-0.0702,0.9828,0.171,0,0,0.662,0,1]},
{"frame":3,"values":[0.9462,-0.0047,0.3236,0,0.3188,0.1862,-0.9294,0,-0.0559,0.9825,0.1777,0,0,0.662,0,1]},
{"frame":4,"values":[0.9802,0.001,0.1981,0,0.1944,0.1876,-0.9628,0,-0.0381,0.9822,0.1837,0,0,0.662,0,1]},
{"frame":5,"values":[0.9981,0.0072,0.0619,0,0.0594,0.1883,-0.9803,0,-0.0187,0.9821,0.1875,0,0,0.662,0,1]},
{"frame":6,"values":[0.9971,0.0135,-0.0747,0,-0.0759,0.1882,-0.9792,0,0.0009,0.982,0.1887,0,0,0.662,0,1]},
{"frame":7,"values":[0.9789,0.0193,-0.2035,0,-0.2035,0.1874,-0.961,0,0.0196,0.9821,0.1874,0,0,0.662,0,1]},
{"frame":8,"values":[0.9476,0.0246,-0.3184,0,-0.3173,0.186,-0.9299,0,0.0364,0.9822,0.184,0,0,0.662,0,1]},
{"frame":9,"values":[0.9092,0.029,-0.4154,0,-0.4133,0.1843,-0.8918,0,0.0507,0.9825,0.1795,0,0,0.662,0,1]},
{"frame":10,"values":[0.8697,0.0325,-0.4925,0,-0.4896,0.1825,-0.8526,0,0.0622,0.9827,0.1746,0,0,0.662,0,1]},
{"frame":11,"values":[0.8352,0.0351,-0.5489,0,-0.5455,0.1809,-0.8184,0,0.0706,0.9829,0.1703,0,0,0.662,0,1]},
{"frame":12,"values":[0.8109,0.0367,-0.584,0,-0.5802,0.1799,-0.7944,0,0.0759,0.983,0.1671,0,0,0.662,0,1]},
{"frame":13,"values":[0.8018,0.0373,-0.5964,0,-0.5924,0.1795,-0.7854,0,0.0778,0.9831,0.166,0,0,0.662,0,1]},
{"frame":14,"values":[0.8116,0.0367,-0.583,0,-0.5792,0.1799,-0.7951,0,0.0757,0.983,0.1673,0,0,0.662,0,1]},
{"frame":15,"values":[0.8401,0.0348,-0.5413,0,-0.5379,0.1812,-0.8233,0,0.0695,0.9828,0.171,0,0,0.662,0,1]},
{"frame":16,"values":[0.883,0.0315,-0.4683,0,-0.4657,0.1833,-0.8658,0,0.0586,0.9826,0.1765,0,0,0.662,0,1]},
{"frame":17,"values":[0.9317,0.0266,-0.3623,0,-0.3608,0.1856,-0.914,0,0.0429,0.9823,0.1825,0,0,0.662,0,1]},
{"frame":18,"values":[0.9738,0.0204,-0.2264,0,-0.2262,0.1876,-0.9558,0,0.0229,0.982,0.1873,0,0,0.662,0,1]},
{"frame":19,"values":[0.9974,0.0133,-0.0714,0,-0.0726,0.1888,-0.9793,0,0.0004,0.9819,0.1893,0,0,0.662,0,1]},
{"frame":20,"values":[0.9963,0.0062,0.0854,0,0.0827,0.1889,-0.9785,0,-0.0222,0.982,0.1877,0,0,0.662,0,1]},
{"frame":21,"values":[0.9741,-0.0003,0.226,0,0.222,0.188,-0.9567,0,-0.0422,0.9822,0.1832,0,0,0.662,0,1]},
{"frame":22,"values":[0.9412,-0.0055,0.3378,0,0.3328,0.1866,-0.9243,0,-0.058,0.9824,0.1775,0,0,0.662,0,1]},
{"frame":23,"values":[0.9092,-0.0091,0.4162,0,0.4105,0.1853,-0.8928,0,-0.069,0.9826,0.1722,0,0,0.662,0,1]},
{"frame":24,"values":[0.887,-0.0112,0.4615,0,0.4555,0.1843,-0.871,0,-0.0753,0.9828,0.1686,0,0,0.662,0,1]},
{"frame":25,"values":[0.8793,-0.0119,0.4762,0,0.47,0.184,-0.8633,0,-0.0773,0.9829,0.1673,0,0,0.662,0,1]}]}},
{"name":"lengan.bawah.L","index":7,"matrix":[0.9904,-0.1386,-0.0001,0,0.1386,0.9904,0.0009,0,-0.0001,-0.0009,1,0,0,0.962,0,1],"rest":[0.9904,-0.1386,-0.0001,0,0.1386,0.9904,0.0009,0,-0.0001,-0.0009,1,0,0,0.962,0,1],"parentBoneIndex":6,"length":0.9341
,"animation":
{"name":"anim","property":"_matrix","dataType":3,"framePerSecond":24,"loopBehavior":1,"keys":[
{"frame":0,"values":[0.9904,-0.1386,-0.0001,0,0.1386,0.9904,0.0009,0,-0.0001,-0.0009,1,0,0,0.962,0,1]},
{"frame":25,"values":[0.9904,-0.1386,-0.0001,0,0.1386,0.9904,0.0009,0,-0.0001,-0.0009,1,0,0,0.962,0,1]}]}},
{"name":"telapak.tangan.L","index":8,"matrix":[0.9975,0.0705,-0.0001,0,-0.0686,0.9707,-0.2302,0,-0.0161,0.2296,0.9731,0,0,0.9341,0,1],"rest":[0.9975,0.0705,-0.0001,0,-0.0686,0.9707,-0.2302,0,-0.0161,0.2296,0.9731,0,0,0.9341,0,1],"parentBoneIndex":7,"length":0.5712
,"animation":
{"name":"anim","property":"_matrix","dataType":3,"framePerSecond":24,"loopBehavior":1,"keys":[
{"frame":0,"values":[0.9975,0.0705,-0.0001,0,-0.0686,0.9707,-0.2302,0,-0.0161,0.2296,0.9731,0,0,0.9341,0,1]},
{"frame":25,"values":[0.9975,0.0705,-0.0001,0,-0.0686,0.9707,-0.2302,0,-0.0161,0.2296,0.9731,0,0,0.9341,0,1]}]}},
{"name":"bahu.R","index":9,"matrix":[0,0,-1,0,-0.9989,-0.0458,0,0,-0.0458,0.9989,0,0,0,0.7317,0,1],"rest":[0,0,-1,0,-0.9989,-0.0458,0,0,-0.0458,0.9989,0,0,0,0.7317,0,1],"parentBoneIndex":2,"length":0.662
,"animation":
{"name":"anim","property":"_matrix","dataType":3,"framePerSecond":24,"loopBehavior":1,"keys":[
{"frame":0,"values":[0,0,-1,0,-0.9989,-0.0458,0,0,-0.0458,0.9989,0,0,0,0.7317,0,1]},
{"frame":25,"values":[0,0,-1,0,-0.9989,-0.0458,0,0,-0.0458,0.9989,0,0,0,0.7317,0,1]}]}},
{"name":"lengan.atas.R","index":10,"matrix":[0.8018,-0.0373,0.5964,0,0.5924,0.1795,-0.7854,0,-0.0778,0.9831,0.166,0,0,0.662,0,1],"rest":[0.9977,-0.0682,0.0059,0,0.0684,0.9939,-0.087,0,0.0001,0.0872,0.9962,0,0,0.662,0,1],"parentBoneIndex":9,"length":0.962
,"animation":
{"name":"anim","property":"_matrix","dataType":3,"framePerSecond":24,"loopBehavior":1,"keys":[
{"frame":0,"values":[0.9977,-0.0682,0.0059,0,0.0684,0.9939,-0.087,0,0.0001,0.0872,0.9962,0,0,0.662,0,1]},
{"frame":1,"values":[0.8018,-0.0373,0.5964,0,0.5924,0.1795,-0.7854,0,-0.0778,0.9831,0.166,0,0,0.662,0,1]},
{"frame":2,"values":[0.8364,-0.0315,0.5472,0,0.5441,0.1681,-0.822,0,-0.0661,0.9853,0.1577,0,0,0.662,0,1]},
{"frame":3,"values":[0.8918,-0.0268,0.4516,0,0.4495,0.1656,-0.8778,0,-0.0513,0.9858,0.1597,0,0,0.662,0,1]},
{"frame":4,"values":[0.9428,-0.0224,0.3327,0,0.3316,0.1665,-0.9286,0,-0.0346,0.9858,0.1644,0,0,0.662,0,1]},
{"frame":5,"values":[0.9793,-0.0178,0.2015,0,0.2016,0.169,-0.9648,0,-0.0168,0.9855,0.1691,0,0,0.662,0,1]},
{"frame":6,"values":[0.9977,-0.013,0.0672,0,0.0684,0.172,-0.9827,0,0.0012,0.985,0.1725,0,0,0.662,0,1]},
{"frame":7,"values":[0.998,-0.008,-0.0621,0,-0.0597,0.1751,-0.9827,0,0.0188,0.9845,0.1743,0,0,0.662,0,1]},
{"frame":8,"values":[0.9837,-0.0031,-0.1797,0,-0.1763,0.1778,-0.9681,0,0.0349,0.9841,0.1744,0,0,0.662,0,1]},
{"frame":9,"values":[0.9597,0.0016,-0.2811,0,-0.2768,0.18,-0.9439,0,0.0491,0.9837,0.1732,0,0,0.662,0,1]},
{"frame":10,"values":[0.9317,0.0057,-0.3632,0,-0.3581,0.1817,-0.9158,0,0.0608,0.9833,0.1714,0,0,0.662,0,1]},
{"frame":11,"values":[0.9056,0.0089,-0.4241,0,-0.4185,0.1829,-0.8896,0,0.0697,0.9831,0.1694,0,0,0.662,0,1]},
{"frame":12,"values":[0.8865,0.0111,-0.4626,0,-0.4565,0.1837,-0.8705,0,0.0753,0.9829,0.1679,0,0,0.662,0,1]},
{"frame":13,"values":[0.8793,0.0119,-0.4762,0,-0.47,0.184,-0.8633,0,0.0773,0.9829,0.1673,0,0,0.662,0,1]},
{"frame":14,"values":[0.887,0.0112,-0.4615,0,-0.4555,0.1843,-0.871,0,0.0753,0.9828,0.1686,0,0,0.662,0,1]},
{"frame":15,"values":[0.9092,0.0091,-0.4162,0,-0.4105,0.1853,-0.8928,0,0.069,0.9826,0.1722,0,0,0.662,0,1]},
{"frame":16,"values":[0.9412,0.0055,-0.3378,0,-0.3328,0.1866,-0.9243,0,0.058,0.9824,0.1775,0,0,0.662,0,1]},
{"frame":17,"values":[0.9741,0.0003,-0.226,0,-0.222,0.188,-0.9567,0,0.0422,0.9822,0.1832,0,0,0.662,0,1]},
{"frame":18,"values":[0.9963,-0.0062,-0.0854,0,-0.0827,0.1889,-0.9785,0,0.0222,0.982,0.1877,0,0,0.662,0,1]},
{"frame":19,"values":[0.9974,-0.0133,0.0714,0,0.0726,0.1888,-0.9793,0,-0.0004,0.9819,0.1893,0,0,0.662,0,1]},
{"frame":20,"values":[0.9738,-0.0204,0.2264,0,0.2262,0.1876,-0.9558,0,-0.0229,0.982,0.1873,0,0,0.662,0,1]},
{"frame":21,"values":[0.9317,-0.0266,0.3623,0,0.3608,0.1856,-0.914,0,-0.0429,0.9823,0.1825,0,0,0.662,0,1]},
{"frame":22,"values":[0.883,-0.0315,0.4683,0,0.4657,0.1833,-0.8658,0,-0.0586,0.9826,0.1765,0,0,0.662,0,1]},
{"frame":23,"values":[0.8401,-0.0348,0.5413,0,0.5379,0.1812,-0.8233,0,-0.0695,0.9828,0.171,0,0,0.662,0,1]},
{"frame":24,"values":[0.8116,-0.0367,0.583,0,0.5792,0.1799,-0.7951,0,-0.0757,0.983,0.1673,0,0,0.662,0,1]},
{"frame":25,"values":[0.8018,-0.0373,0.5964,0,0.5924,0.1795,-0.7854,0,-0.0778,0.9831,0.166,0,0,0.662,0,1]}]}},
{"name":"lengan.bawah.R","index":11,"matrix":[0.9904,0.1386,0.0001,0,-0.1386,0.9904,0.0009,0,0.0001,-0.0009,1,0,0,0.962,0,1],"rest":[0.9904,0.1386,0.0001,0,-0.1386,0.9904,0.0009,0,0.0001,-0.0009,1,0,0,0.962,0,1],"parentBoneIndex":10,"length":0.9341
,"animation":
{"name":"anim","property":"_matrix","dataType":3,"framePerSecond":24,"loopBehavior":1,"keys":[
{"frame":0,"values":[0.9904,0.1386,0.0001,0,-0.1386,0.9904,0.0009,0,0.0001,-0.0009,1,0,0,0.962,0,1]},
{"frame":25,"values":[0.9904,0.1386,0.0001,0,-0.1386,0.9904,0.0009,0,0.0001,-0.0009,1,0,0,0.962,0,1]}]}},
{"name":"telapak.tangan.R","index":12,"matrix":[0.9975,-0.0705,0.0001,0,0.0686,0.9707,-0.2302,0,0.0161,0.2296,0.9731,0,0,0.9341,0,1],"rest":[0.9975,-0.0705,0.0001,0,0.0686,0.9707,-0.2302,0,0.0161,0.2296,0.9731,0,0,0.9341,0,1],"parentBoneIndex":11,"length":0.5712
,"animation":
{"name":"anim","property":"_matrix","dataType":3,"framePerSecond":24,"loopBehavior":1,"keys":[
{"frame":0,"values":[0.9975,-0.0705,0.0001,0,0.0686,0.9707,-0.2302,0,0.0161,0.2296,0.9731,0,0,0.9341,0,1]},
{"frame":25,"values":[0.9975,-0.0705,0.0001,0,0.0686,0.9707,-0.2302,0,0.0161,0.2296,0.9731,0,0,0.9341,0,1]}]}},
{"name":"pinggang","index":13,"matrix":[-1,0,0,0,0,0,-1,0,0,-1,0,0,0,1.1274,0,1],"rest":[-1,0,0,0,0,0,-1,0,0,-1,0,0,0,1.1274,0,1],"parentBoneIndex":0,"length":0.3953
,"animation":
{"name":"anim","property":"_matrix","dataType":3,"framePerSecond":24,"loopBehavior":1,"keys":[
{"frame":0,"values":[-1,0,0,0,0,0,-1,0,0,-1,0,0,0,1.1274,0,1]},
{"frame":25,"values":[-1,0,0,0,0,0,-1,0,0,-1,0,0,0,1.1274,0,1]}]}},
{"name":"paha.L","index":14,"matrix":[1,0.0008,-0.0016,0,0,0.8904,0.4551,0,0.0017,-0.4551,0.8904,0,0.409,0.3473,0,1],"rest":[1,0,0,0,0,0.9992,-0.0407,0,0,0.0407,0.9992,0,0.409,0.3473,0,1],"parentBoneIndex":13,"length":1.7614
,"animation":
{"name":"anim","property":"_matrix","dataType":3,"framePerSecond":24,"loopBehavior":1,"keys":[
{"frame":0,"values":[1,0,-0.0017,0,-0.0001,0.9992,-0.0407,0,0.0017,0.0407,0.9992,0,0.409,0.3473,0,1]},
{"frame":1,"values":[1,0.0008,-0.0016,0,0,0.8904,0.4551,0,0.0017,-0.4551,0.8904,0,0.409,0.3473,0,1]},
{"frame":2,"values":[1,0.0008,-0.0016,0,-0.0003,0.965,0.2621,0,0.0017,-0.2621,0.965,0,0.409,0.3473,0,1]},
{"frame":3,"values":[1,0.0007,-0.0016,0,-0.0007,1,-0.0012,0,0.0016,0.0012,1,0,0.409,0.3473,0,1]},
{"frame":4,"values":[1,0.0005,-0.0017,0,-0.0009,0.9669,-0.2552,0,0.0015,0.2552,0.9669,0,0.409,0.3473,0,1]},
{"frame":5,"values":[1,0.0002,-0.0017,0,-0.001,0.8827,-0.4699,0,0.0014,0.4699,0.8827,0,0.409,0.3473,0,1]},
{"frame":6,"values":[1,0,-0.0017,0,-0.0011,0.7834,-0.6215,0,0.0014,0.6215,0.7834,0,0.409,0.3473,0,1]},
{"frame":7,"values":[1,-0.0002,-0.0017,0,-0.0011,0.707,-0.7072,0,0.0014,0.7072,0.707,0,0.409,0.3473,0,1]},
{"frame":8,"values":[1,-0.0003,-0.0017,0,-0.0011,0.662,-0.7495,0,0.0014,0.7495,0.662,0,0.409,0.3473,0,1]},
{"frame":9,"values":[1,-0.0005,-0.0017,0,-0.001,0.6493,-0.7605,0,0.0015,0.7605,0.6493,0,0.409,0.3473,0,1]},
{"frame":10,"values":[1,-0.0006,-0.0016,0,-0.0008,0.6759,-0.737,0,0.0016,0.737,0.6759,0,0.409,0.3473,0,1]},
{"frame":11,"values":[1,-0.0007,-0.0016,0,-0.0006,0.7306,-0.6828,0,0.0016,0.6828,0.7306,0,0.409,0.3473,0,1]},
{"frame":12,"values":[1,-0.0007,-0.0016,0,-0.0004,0.7875,-0.6163,0,0.0017,0.6163,0.7875,0,0.409,0.3473,0,1]},
{"frame":13,"values":[1,-0.0007,-0.0016,0,-0.0003,0.8132,-0.582,0,0.0017,0.582,0.8132,0,0.409,0.3473,0,1]},
{"frame":14,"values":[1,-0.0007,-0.0016,0,-0.0003,0.8236,-0.5672,0,0.0017,0.5672,0.8236,0,0.409,0.3473,0,1]},
{"frame":15,"values":[1,-0.0006,-0.0016,0,-0.0003,0.8551,-0.5184,0,0.0017,0.5184,0.8551,0,0.409,0.3473,0,1]},
{"frame":16,"values":[1,-0.0005,-0.0017,0,-0.0003,0.9024,-0.4309,0,0.0017,0.4309,0.9024,0,0.409,0.3473,0,1]},
{"frame":17,"values":[1,-0.0003,-0.0017,0,-0.0002,0.9506,-0.3105,0,0.0017,0.3105,0.9506,0,0.409,0.3473,0,1]},
{"frame":18,"values":[1,-0.0002,-0.0017,0,-0.0001,0.9853,-0.1708,0,0.0017,0.1708,0.9853,0,0.409,0.3473,0,1]},
{"frame":19,"values":[1,0,-0.0017,0,-0.0001,1,-0.002,0,0.0017,0.002,1,0,0.409,0.3473,0,1]},
{"frame":20,"values":[1,0.0003,-0.0017,0,0,0.99,0.1411,0,0.0017,-0.1411,0.99,0,0.409,0.3473,0,1]},
{"frame":21,"values":[1,0.0004,-0.0017,0,0,0.969,0.2471,0,0.0017,-0.2471,0.969,0,0.409,0.3473,0,1]},
{"frame":22,"values":[1,0.0006,-0.0016,0,0,0.9419,0.3358,0,0.0017,-0.3358,0.9419,0,0.409,0.3473,0,1]},
{"frame":23,"values":[1,0.0007,-0.0016,0,0,0.9157,0.4019,0,0.0017,-0.4019,0.9157,0,0.409,0.3473,0,1]},
{"frame":24,"values":[1,0.0008,-0.0016,0,0,0.897,0.442,0,0.0017,-0.442,0.897,0,0.409,0.3473,0,1]},
{"frame":25,"values":[1,0.0008,-0.0016,0,0,0.8904,0.4551,0,0.0017,-0.4551,0.8904,0,0.409,0.3473,0,1]}]}},
{"name":"betis.L","index":15,"matrix":[1,0,0,0,0,1,0.0053,0,0,-0.0053,1,0,0,1.7614,0,1],"rest":[1,0,0,0,0,0.9967,0.081,0,0,-0.081,0.9967,0,0,1.7614,0,1],"parentBoneIndex":14,"length":1.7738
,"animation":
{"name":"anim","property":"_matrix","dataType":3,"framePerSecond":24,"loopBehavior":1,"keys":[
{"frame":0,"values":[1,0,0,0,0,0.9967,0.081,0,0,-0.081,0.9967,0,0,1.7614,0,1]},
{"frame":1,"values":[1,0,0,0,0,1,0.0053,0,0,-0.0053,1,0,0,1.7614,0,1]},
{"frame":2,"values":[1,0,0,0,0,0.9318,0.363,0,0,-0.363,0.9318,0,0,1.7614,0,1]},
{"frame":3,"values":[1,0,0,0,0,0.7211,0.6928,0,0,-0.6928,0.7211,0,0,1.7614,0,1]},
{"frame":4,"values":[1,0,0,0,0,0.4885,0.8725,0,0,-0.8725,0.4885,0,0,1.7614,0,1]},
{"frame":5,"values":[1,0,0,0,0,0.3134,0.9496,0,0,-0.9496,0.3134,0,0,1.7614,0,1]},
{"frame":6,"values":[1,0,0,0,0,0.2266,0.974,0,0,-0.974,0.2266,0,0,1.7614,0,1]},
{"frame":7,"values":[1,0,0,0,0,0.219,0.9757,0,0,-0.9757,0.219,0,0,1.7614,0,1]},
{"frame":8,"values":[1,0,0,0,0,0.278,0.9606,0,0,-0.9606,0.278,0,0,1.7614,0,1]},
{"frame":9,"values":[1,0,0,0,0,0.4063,0.9138,0,0,-0.9138,0.4063,0,0,1.7614,0,1]},
{"frame":10,"values":[1,0,0,0,0,0.5833,0.8123,0,0,-0.8123,0.5833,0,0,1.7614,0,1]},
{"frame":11,"values":[1,0,0,0,0,0.7599,0.65,0,0,-0.65,0.7599,0,0,1.7614,0,1]},
{"frame":12,"values":[1,0,0,0,0,0.8828,0.4698,0,0,-0.4698,0.8828,0,0,1.7614,0,1]},
{"frame":13,"values":[1,0,0,0,0,0.9245,0.3813,0,0,-0.3813,0.9245,0,0,1.7614,0,1]},
{"frame":14,"values":[1,0,0,0,0,0.9268,0.3756,0,0,-0.3756,0.9268,0,0,1.7614,0,1]},
{"frame":15,"values":[1,0,0,0,0,0.9362,0.3515,0,0,-0.3515,0.9362,0,0,1.7614,0,1]},
{"frame":16,"values":[1,0,0,0,0,0.9538,0.3004,0,0,-0.3004,0.9538,0,0,1.7614,0,1]},
{"frame":17,"values":[1,0,0,0,0,0.9727,0.2319,0,0,-0.2319,0.9727,0,0,1.7614,0,1]},
{"frame":18,"values":[1,0,0,0,0,0.9865,0.1636,0,0,-0.1636,0.9865,0,0,1.7614,0,1]},
{"frame":19,"values":[1,0,0,0,0,0.9983,0.0591,0,0,-0.0591,0.9983,0,0,1.7614,0,1]},
{"frame":20,"values":[1,0,0,0,0,1,0.0053,0,0,-0.0053,1,0,0,1.7614,0,1]},
{"frame":25,"values":[1,0,0,0,0,1,0.0053,0,0,-0.0053,1,0,0,1.7614,0,1]}]}},
{"name":"paha.R","index":16,"matrix":[1,-0.0007,-0.0016,0,-0.0004,0.8113,-0.5846,0,0.0017,0.5846,0.8113,0,-0.409,0.3473,0,1],"rest":[1,0,0,0,0,0.9992,-0.0407,0,0,0.0407,0.9992,0,-0.409,0.3473,0,1],"parentBoneIndex":13,"length":1.7614
,"animation":
{"name":"anim","property":"_matrix","dataType":3,"framePerSecond":24,"loopBehavior":1,"keys":[
{"frame":0,"values":[1,0,-0.0017,0,-0.0001,0.9992,-0.0407,0,0.0017,0.0407,0.9992,0,-0.409,0.3473,0,1]},
{"frame":1,"values":[1,-0.0007,-0.0016,0,-0.0004,0.8113,-0.5846,0,0.0017,0.5846,0.8113,0,-0.409,0.3473,0,1]},
{"frame":2,"values":[1,-0.0006,-0.0016,0,-0.0004,0.812,-0.5836,0,0.0017,0.5836,0.812,0,-0.409,0.3473,0,1]},
{"frame":3,"values":[1,-0.0005,-0.0017,0,-0.0005,0.8465,-0.5324,0,0.0017,0.5324,0.8465,0,-0.409,0.3473,0,1]},
{"frame":4,"values":[1,-0.0003,-0.0017,0,-0.0005,0.9046,-0.4262,0,0.0017,0.4262,0.9046,0,-0.409,0.3473,0,1]},
{"frame":5,"values":[1,-0.0001,-0.0017,0,-0.0004,0.9619,-0.2735,0,0.0017,0.2735,0.9619,0,-0.409,0.3473,0,1]},
{"frame":6,"values":[1,0.0001,-0.0017,0,-0.0002,0.9975,-0.0708,0,0.0017,0.0708,0.9975,0,-0.409,0.3473,0,1]},
{"frame":7,"values":[1,0.0002,-0.0017,0,0,0.9908,0.1352,0,0.0017,-0.1352,0.9908,0,-0.409,0.3473,0,1]},
{"frame":8,"values":[1,0.0004,-0.0017,0,0,0.9749,0.2229,0,0.0017,-0.2228,0.9749,0,-0.409,0.3473,0,1]},
{"frame":9,"values":[1,0.0005,-0.0017,0,0,0.9536,0.3011,0,0.0017,-0.3011,0.9536,0,-0.409,0.3473,0,1]},
{"frame":10,"values":[1,0.0006,-0.0016,0,0,0.9296,0.3687,0,0.0017,-0.3687,0.9296,0,-0.409,0.3473,0,1]},
{"frame":11,"values":[1,0.0007,-0.0016,0,0,0.9065,0.4222,0,0.0017,-0.4222,0.9065,0,-0.409,0.3473,0,1]},
{"frame":12,"values":[1,0.0008,-0.0016,0,0,0.8894,0.4571,0,0.0017,-0.4571,0.8894,0,-0.409,0.3473,0,1]},
{"frame":13,"values":[1,0.0008,-0.0015,0,0,0.883,0.4694,0,0.0017,-0.4694,0.883,0,-0.409,0.3473,0,1]},
{"frame":14,"values":[1,0.0008,-0.0015,0,-0.0001,0.9124,0.4093,0,0.0017,-0.4093,0.9124,0,-0.409,0.3473,0,1]},
{"frame":15,"values":[1,0.0008,-0.0016,0,-0.0005,0.9904,0.1381,0,0.0017,-0.1381,0.9904,0,-0.409,0.3473,0,1]},
{"frame":16,"values":[1,0.0007,-0.0016,0,-0.0008,0.9952,-0.0976,0,0.0015,0.0976,0.9952,0,-0.409,0.3473,0,1]},
{"frame":17,"values":[1,0.0005,-0.0017,0,-0.001,0.9492,-0.3147,0,0.0014,0.3147,0.9492,0,-0.409,0.3473,0,1]},
{"frame":18,"values":[1,0.0003,-0.0017,0,-0.0011,0.8733,-0.4871,0,0.0013,0.4871,0.8733,0,-0.409,0.3473,0,1]},
{"frame":19,"values":[1,0.0001,-0.0017,0,-0.0012,0.799,-0.6013,0,0.0013,0.6013,0.799,0,-0.409,0.3473,0,1]},
{"frame":20,"values":[1,-0.0001,-0.0017,0,-0.0011,0.7333,-0.6799,0,0.0013,0.6799,0.7333,0,-0.409,0.3473,0,1]},
{"frame":21,"values":[1,-0.0003,-0.0017,0,-0.0011,0.6825,-0.7309,0,0.0014,0.7309,0.6825,0,-0.409,0.3473,0,1]},
{"frame":22,"values":[1,-0.0005,-0.0017,0,-0.0009,0.675,-0.7378,0,0.0015,0.7378,0.675,0,-0.409,0.3473,0,1]},
{"frame":23,"values":[1,-0.0006,-0.0016,0,-0.0007,0.7162,-0.6979,0,0.0016,0.6979,0.7162,0,-0.409,0.3473,0,1]},
{"frame":24,"values":[1,-0.0007,-0.0016,0,-0.0005,0.7783,-0.6279,0,0.0017,0.6279,0.7783,0,-0.409,0.3473,0,1]},
{"frame":25,"values":[1,-0.0007,-0.0016,0,-0.0004,0.8113,-0.5846,0,0.0017,0.5846,0.8113,0,-0.409,0.3473,0,1]}]}},
{"name":"betis.R","index":17,"matrix":[1,0,0,0,0,0.92,0.3918,0,0,-0.3918,0.92,0,0,1.7614,0,1],"rest":[1,0,0,0,0,0.9967,0.081,0,0,-0.081,0.9967,0,0,1.7614,0,1],"parentBoneIndex":16,"length":1.7738
,"animation":
{"name":"anim","property":"_matrix","dataType":3,"framePerSecond":24,"loopBehavior":1,"keys":[
{"frame":0,"values":[1,0,0,0,0,0.9967,0.081,0,0,-0.081,0.9967,0,0,1.7614,0,1]},
{"frame":1,"values":[1,0,0,0,0,0.92,0.3918,0,0,-0.3918,0.92,0,0,1.7614,0,1]},
{"frame":2,"values":[1,0,0,0,0,0.8805,0.4741,0,0,-0.4741,0.8805,0,0,1.7614,0,1]},
{"frame":3,"values":[1,0,0,0,0,0.8494,0.5277,0,0,-0.5277,0.8494,0,0,1.7614,0,1]},
{"frame":4,"values":[1,0,0,0,0,0.8625,0.5061,0,0,-0.5061,0.8625,0,0,1.7614,0,1]},
{"frame":5,"values":[1,0,0,0,0,0.9111,0.4121,0,0,-0.4121,0.9111,0,0,1.7614,0,1]},
{"frame":6,"values":[1,0,0,0,0,0.9752,0.2213,0,0,-0.2213,0.9752,0,0,1.7614,0,1]},
{"frame":7,"values":[1,0,0,0,0,1,0.0053,0,0,-0.0053,1,0,0,1.7614,0,1]},
{"frame":14,"values":[1,0,0,0,0,0.9928,0.1194,0,0,-0.1194,0.9928,0,0,1.7614,0,1]},
{"frame":15,"values":[1,0,0,0,0,0.8146,0.58,0,0,-0.58,0.8146,0,0,1.7614,0,1]},
{"frame":16,"values":[1,0,0,0,0,0.5685,0.8227,0,0,-0.8227,0.5685,0,0,1.7614,0,1]},
{"frame":17,"values":[1,0,0,0,0,0.3367,0.9416,0,0,-0.9416,0.3367,0,0,1.7614,0,1]},
{"frame":18,"values":[1,0,0,0,0,0.1827,0.9832,0,0,-0.9832,0.1827,0,0,1.7614,0,1]},
{"frame":19,"values":[1,0,0,0,0,0.1219,0.9925,0,0,-0.9925,0.1219,0,0,1.7614,0,1]},
{"frame":20,"values":[1,0,0,0,0,0.1427,0.9898,0,0,-0.9898,0.1427,0,0,1.7614,0,1]},
{"frame":21,"values":[1,0,0,0,0,0.2551,0.9669,0,0,-0.9669,0.2551,0,0,1.7614,0,1]},
{"frame":22,"values":[1,0,0,0,0,0.455,0.8905,0,0,-0.8905,0.455,0,0,1.7614,0,1]},
{"frame":23,"values":[1,0,0,0,0,0.6848,0.7287,0,0,-0.7287,0.6848,0,0,1.7614,0,1]},
{"frame":24,"values":[1,0,0,0,0,0.8585,0.5128,0,0,-0.5128,0.8585,0,0,1.7614,0,1]},
{"frame":25,"values":[1,0,0,0,0,0.92,0.3918,0,0,-0.3918,0.92,0,0,1.7614,0,1]}]}},
{"name":"index.matakaki.L","index":18,"matrix":[1,0,0,0,0,0,1,0,0,1,0,0,0.409,-4.3754,1.6255,1],"rest":[1,0,0,0,0,0,1,0,0,1,0,0,0.409,-4.3754,0,1],"parentBoneIndex":-1,"length":1.1597
,"animation":
{"name":"anim","property":"_matrix","dataType":3,"framePerSecond":24,"loopBehavior":1,"keys":[
{"frame":0,"values":[1,0,0,0,0,0,1,0,0,1,0,0,0.409,-4.3754,0,1]},
{"frame":1,"values":[1,0,0,0,0,0,1,0,0,1,0,0,0.409,-4.3754,1.6255,1]},
{"frame":2,"values":[1,0,0,0,0,0.0571,0.9984,0,0,0.9984,-0.0571,0,0.409,-4.3123,1.5161,1]},
{"frame":3,"values":[1,0,0,0,0,0.2023,0.9793,0,0,0.9793,-0.2023,0,0.409,-4.1527,1.2252,1]},
{"frame":4,"values":[1,0,0,0,0,0.3809,0.9246,0,0,0.9246,-0.3809,0,0.409,-3.9513,0.8259,1]},
{"frame":5,"values":[1,0,0,0,0,0.5351,0.8448,0,0,0.8448,-0.5351,0,0.409,-3.7637,0.398,1]},
{"frame":6,"values":[1,0,0,0,0,0.6318,0.7752,0,0,0.7752,-0.6318,0,0.409,-3.6334,0.0089,1]},
{"frame":7,"values":[1,0,0,0,0,0.6638,0.7479,0,0,0.7479,-0.6638,0,0.409,-3.5868,-0.2968,1]},
{"frame":8,"values":[1,0,0,0,0,0.6303,0.7764,0,0,0.7764,-0.6303,0,0.409,-3.6356,-0.5618,1]},
{"frame":9,"values":[1,0,0,0,0,0.5245,0.8514,0,0,0.8514,-0.5245,0,0.409,-3.7773,-0.8352,1]},
{"frame":10,"values":[1,0,0,0,0,0.3551,0.9348,0,0,0.9348,-0.3551,0,0.409,-3.9811,-1.0869,1]},
{"frame":11,"values":[1,0,0,0,0,0.173,0.9849,0,0,0.9849,-0.173,0,0.409,-4.1849,-1.2805,1]},
{"frame":12,"values":[1,0,0,0,0,0.044,0.999,0,0,0.999,-0.044,0,0.409,-4.3267,-1.3944,1]},
{"frame":13,"values":[1,0,0,0,0,0,1,0,0,1,0,0,0.409,-4.3754,-1.4296,1]},
{"frame":14,"values":[1,0,0,0,0,0,1,0,0,1,0,0,0.409,-4.3754,-1.3826,1]},
{"frame":15,"values":[1,0,0,0,0,0,1,0,0,1,0,0,0.409,-4.3754,-1.2409,1]},
{"frame":16,"values":[1,0,0,0,0,0,1,0,0,1,0,0,0.409,-4.3754,-1.0071,1]},
{"frame":17,"values":[1,0,0,0,0,0,1,0,0,1,0,0,0.409,-4.3754,-0.6916,1]},
{"frame":18,"values":[1,0,0,0,0,0,1,0,0,1,0,0,0.409,-4.3754,-0.3138,1]},
{"frame":19,"values":[1,0,0,0,0,0,1,0,0,1,0,0,0.409,-4.3754,0.0979,1]},
{"frame":20,"values":[1,0,0,0,0,0,1,0,0,1,0,0,0.409,-4.3754,0.5097,1]},
{"frame":21,"values":[1,0,0,0,0,0,1,0,0,1,0,0,0.409,-4.3754,0.8875,1]},
{"frame":22,"values":[1,0,0,0,0,0,1,0,0,1,0,0,0.409,-4.3754,1.203,1]},
{"frame":23,"values":[1,0,0,0,0,0,1,0,0,1,0,0,0.409,-4.3754,1.4368,1]},
{"frame":24,"values":[1,0,0,0,0,0,1,0,0,1,0,0,0.409,-4.3754,1.5785,1]},
{"frame":25,"values":[1,0,0,0,0,0,1,0,0,1,0,0,0.409,-4.3754,1.6255,1]}]}},
{"name":"telapak.kaki.L","index":19,"matrix":[-1,0,0,0,0,-0.896,-0.4441,0,0,-0.4441,0.896,0,0,0,0,1],"rest":[-1,0,0,0,0,-0.896,-0.4441,0,0,-0.4441,0.896,0,0,0,0,1],"parentBoneIndex":18,"length":1.0124
,"animation":
{"name":"anim","property":"_matrix","dataType":3,"framePerSecond":24,"loopBehavior":1,"keys":[
{"frame":0,"values":[-1,0,0,0,0,-0.896,-0.4441,0,0,-0.4441,0.896,0,0,0,0,1]},
{"frame":25,"values":[-1,0,0,0,0,-0.896,-0.4441,0,0,-0.4441,0.896,0,0,0,0,1]}]}},
{"name":"tumit.L","index":20,"matrix":[1,0,0,0,0,0.4449,-0.8956,0,0,0.8956,0.4449,0,0,0,0,1],"rest":[1,0,0,0,0,0.4449,-0.8956,0,0,0.8956,0.4449,0,0,0,0,1],"parentBoneIndex":18,"length":0.5024
,"animation":
{"name":"anim","property":"_matrix","dataType":3,"framePerSecond":24,"loopBehavior":1,"keys":[
{"frame":0,"values":[1,0,0,0,0,0.4449,-0.8956,0,0,0.8956,0.4449,0,0,0,0,1]},
{"frame":25,"values":[1,0,0,0,0,0.4449,-0.8956,0,0,0.8956,0.4449,0,0,0,0,1]}]}},
{"name":"index.dengkul.L","index":21,"matrix":[-1,0,0,0,0,0,1,0,0,1,0,0,0,-1.3553,1.7226,1],"rest":[-1,0,0,0,0,0,1,0,0,1,0,0,0,-1.3553,1.7226,1],"parentBoneIndex":18,"length":0.7941
,"animation":
{"name":"anim","property":"_matrix","dataType":3,"framePerSecond":24,"loopBehavior":1,"keys":[
{"frame":0,"values":[-1,0,0,0,0,0,1,0,0,1,0,0,0,-1.3553,1.7226,1]},
{"frame":25,"values":[-1,0,0,0,0,0,1,0,0,1,0,0,0,-1.3553,1.7226,1]}]}},
{"name":"index.matakaki.R","index":22,"matrix":[1,0,0,0,0,0,1,0,0,1,0,0,-0.409,-4.3754,-1.4199,1],"rest":[1,0,0,0,0,0,1,0,0,1,0,0,-0.409,-4.3754,0,1],"parentBoneIndex":-1,"length":1.1597
,"animation":
{"name":"anim","property":"_matrix","dataType":3,"framePerSecond":24,"loopBehavior":1,"keys":[
{"frame":0,"values":[1,0,0,0,0,0,1,0,0,1,0,0,-0.409,-4.3754,0,1]},
{"frame":1,"values":[1,0,0,0,0,0,1,0,0,1,0,0,-0.409,-4.3754,-1.4199,1]},
{"frame":2,"values":[1,0,0,0,0,0,1,0,0,1,0,0,-0.409,-4.3754,-1.2565,1]},
{"frame":3,"values":[1,0,0,0,0,0,1,0,0,1,0,0,-0.409,-4.3754,-0.9475,1]},
{"frame":4,"values":[1,0,0,0,0,0,1,0,0,1,0,0,-0.409,-4.3754,-0.5906,1]},
{"frame":5,"values":[1,0,0,0,0,0,1,0,0,1,0,0,-0.409,-4.3754,-0.2206,1]},
{"frame":6,"values":[1,0,0,0,0,0,1,0,0,1,0,0,-0.409,-4.3754,0.1443,1]},
{"frame":7,"values":[1,0,0,0,0,0,1,0,0,1,0,0,-0.409,-4.3754,0.4917,1]},
{"frame":8,"values":[1,0,0,0,0,0,1,0,0,1,0,0,-0.409,-4.3754,0.8121,1]},
{"frame":9,"values":[1,0,0,0,0,0,1,0,0,1,0,0,-0.409,-4.3754,1.0969,1]},
{"frame":10,"values":[1,0,0,0,0,0,1,0,0,1,0,0,-0.409,-4.3754,1.3375,1]},
{"frame":11,"values":[1,0,0,0,0,0,1,0,0,1,0,0,-0.409,-4.3754,1.5242,1]},
{"frame":12,"values":[1,0,0,0,0,0,1,0,0,1,0,0,-0.409,-4.3754,1.6464,1]},
{"frame":13,"values":[1,0,0,0,0,0,1,0,0,1,0,0,-0.409,-4.3754,1.6906,1]},
{"frame":14,"values":[1,0,0,0,0,0.0362,0.9993,0,0,0.9993,-0.0362,0,-0.409,-4.3202,1.6351,1]},
{"frame":15,"values":[1,0,0,0,0,0.1418,0.9899,0,0,0.9899,-0.1418,0,-0.409,-4.1595,1.4616,1]},
{"frame":16,"values":[1,0,0,0,0,0.292,0.9564,0,0,0.9564,-0.292,0,-0.409,-3.9286,1.1818,1]},
{"frame":17,"values":[1,0,0,0,0,0.4352,0.9003,0,0,0.9003,-0.4352,0,-0.409,-3.6976,0.843,1]},
{"frame":18,"values":[1,0,0,0,0,0.5281,0.8492,0,0,0.8492,-0.5281,0,-0.409,-3.5369,0.5072,1]},
{"frame":19,"values":[1,0,0,0,0,0.5585,0.8295,0,0,0.8295,-0.5585,0,-0.409,-3.4817,0.2176,1]},
{"frame":20,"values":[1,0,0,0,0,0.5281,0.8492,0,0,0.8492,-0.5281,0,-0.409,-3.5369,-0.0821,1]},
{"frame":21,"values":[1,0,0,0,0,0.4352,0.9003,0,0,0.9003,-0.4352,0,-0.409,-3.6976,-0.4475,1]},
{"frame":22,"values":[1,0,0,0,0,0.292,0.9564,0,0,0.9564,-0.292,0,-0.409,-3.9286,-0.8288,1]},
{"frame":23,"values":[1,0,0,0,0,0.1418,0.9899,0,0,0.9899,-0.1418,0,-0.409,-4.1595,-1.1511,1]},
{"frame":24,"values":[1,0,0,0,0,0.0362,0.9993,0,0,0.9993,-0.0362,0,-0.409,-4.3202,-1.3542,1]},
{"frame":25,"values":[1,0,0,0,0,0,1,0,0,1,0,0,-0.409,-4.3754,-1.4199,1]}]}},
{"name":"telapak.kaki.R","index":23,"matrix":[-1,0,0,0,0,-0.896,-0.4441,0,0,-0.4441,0.896,0,0,0,0,1],"rest":[-1,0,0,0,0,-0.896,-0.4441,0,0,-0.4441,0.896,0,0,0,0,1],"parentBoneIndex":22,"length":1.0124
,"animation":
{"name":"anim","property":"_matrix","dataType":3,"framePerSecond":24,"loopBehavior":1,"keys":[
{"frame":0,"values":[-1,0,0,0,0,-0.896,-0.4441,0,0,-0.4441,0.896,0,0,0,0,1]},
{"frame":25,"values":[-1,0,0,0,0,-0.896,-0.4441,0,0,-0.4441,0.896,0,0,0,0,1]}]}},
{"name":"tumit.R","index":24,"matrix":[1,0,0,0,0,0.4449,-0.8956,0,0,0.8956,0.4449,0,0,0,0,1],"rest":[1,0,0,0,0,0.4449,-0.8956,0,0,0.8956,0.4449,0,0,0,0,1],"parentBoneIndex":22,"length":0.5024
,"animation":
