{"producer":{"name":"Blender","version":"4.2.3 LTS","exporter_version":"3.3.2","file":"low_poly_character.babylon"},
"autoClear":true,"clearColor":[0,0,0],"gravity":[0,-9.81,0],
"materials":[{"name":"Material","id":"Material","customType":"BABYLON.PBRMaterial","roughness":0.2, 
"albedoTexture":{"name":"tex_character.png","hasAlpha":true,"level":1,"coordinatesMode":0,"coordinatesIndex":0,"wrapU":1,"wrapV":1},"useAlphaFromAlbedoTexture":true}],
"skeletons":[{"name":"rig","id":0,"dimensionsAtRest":[1.0434,2.1167,1.6999],"bones":[
{"name":"root","index":0,"matrix":[1,0,0,0,0,0,1,0,0,1,0,0,0,0,0,1],"rest":[1,0,0,0,0,0,1,0,0,1,0,0,0,0,0,1],"parentBoneIndex":-1,"length":1
,"animation":
{"name":"anim","property":"_matrix","dataType":3,"framePerSecond":24,"loopBehavior":1,"keys":[
{"frame":1,"values":[1,0,0,0,0,0,1,0,0,1,0,0,0,0,0,1]},
{"frame":51,"values":[1,0,0,0,0,0,1,0,0,1,0,0,0,0,0,1]},
{"frame":61,"values":[1,0,0,0,0,0,1,0,0,1,0,0,0,0,0,1]},
{"frame":71,"values":[1,0,0,0,0,0,1,0,0,1,0,0,0,0,0,1]},
{"frame":81,"values":[1,0,0,0,0,0,1,0,0,1,0,0,0,0,0,1]},
{"frame":109,"values":[1,0,0,0,0,0,1,0,0,1,0,0,0,0,0,1]}]}},
{"name":"ORG-hips","index":1,"matrix":[1,0,0,0,0,-0.2067,0.9784,0,0,-0.9784,-0.2067,0,0,0.0552,0.6949,1],"rest":[1,0,0,0,0,-0.2067,0.9784,0,0,-0.9784,-0.2067,0,0,0.0552,0.6949,1],"parentBoneIndex":0,"length":0.1838
,"animation":
{"name":"anim","property":"_matrix","dataType":3,"framePerSecond":24,"loopBehavior":1,"keys":[
{"frame":1,"values":[1,0,0,0,0,-0.2067,0.9784,0,0,-0.9784,-0.2067,0,0,0.0552,0.6949,1]},
{"frame":3,"values":[1,0,0,0,0,-0.2067,0.9784,0,0,-0.9784,-0.2067,0,0,0.0552,0.6948,1]},
{"frame":4,"values":[1,0,0,0,0,-0.2067,0.9784,0,0,-0.9784,-0.2067,0,0,0.0552,0.6947,1]},
{"frame":5,"values":[1,0,0,0,0,-0.2067,0.9784,0,0,-0.9784,-0.2067,0,0,0.0552,0.6946,1]},
{"frame":6,"values":[1,0,0,0,0,-0.2067,0.9784,0,0,-0.9784,-0.2067,0,0,0.0552,0.6944,1]},
{"frame":7,"values":[1,0,0,0,0,-0.2067,0.9784,0,0,-0.9784,-0.2067,0,0,0.0552,0.6941,1]},
{"frame":8,"values":[1,0,0,0,0,-0.2067,0.9784,0,0,-0.9784,-0.2067,0,0,0.0552,0.6939,1]},
{"frame":9,"values":[1,0,0,0,0,-0.2067,0.9784,0,0,-0.9784,-0.2067,0,0,0.0552,0.6936,1]},
{"frame":10,"values":[1,0,0,0,0,-0.2067,0.9784,0,0,-0.9784,-0.2067,0,0,0.0552,0.6932,1]},
{"frame":11,"values":[1,0,0,0,0,-0.2067,0.9784,0,0,-0.9784,-0.2067,0,0,0.0552,0.6929,1]},
{"frame":12,"values":[1,0,0,0,0,-0.2067,0.9784,0,0,-0.9784,-0.2067,0,0,0.0552,0.6925,1]},
{"frame":13,"values":[1,0,0,0,0,-0.2067,0.9784,0,0,-0.9784,-0.2067,0,0,0.0552,0.6921,1]},
{"frame":14,"values":[1,0,0,0,0,-0.2067,0.9784,0,0,-0.9784,-0.2067,0,0,0.0552,0.6917,1]},
{"frame":15,"values":[1,0,0,0,0,-0.2067,0.9784,0,0,-0.9784,-0.2067,0,0,0.0552,0.6914,1]},
{"frame":16,"values":[1,0,0,0,0,-0.2067,0.9784,0,0,-0.9784,-0.2067,0,0,0.0552,0.691,1]},
{"frame":17,"values":[1,0,0,0,0,-0.2067,0.9784,0,0,-0.9784,-0.2067,0,0,0.0552,0.6906,1]},
{"frame":18,"values":[1,0,0,0,0,-0.2067,0.9784,0,0,-0.9784,-0.2067,0,0,0.0552,0.6903,1]},
{"frame":19,"values":[1,0,0,0,0,-0.2067,0.9784,0,0,-0.9784,-0.2067,0,0,0.0552,0.69,1]},
{"frame":20,"values":[1,0,0,0,0,-0.2067,0.9784,0,0,-0.9784,-0.2067,0,0,0.0552,0.6897,1]},
{"frame":21,"values":[1,0,0,0,0,-0.2067,0.9784,0,0,-0.9784,-0.2067,0,0,0.0552,0.6895,1]},
{"frame":22,"values":[1,0,0,0,0,-0.2067,0.9784,0,0,-0.9784,-0.2067,0,0,0.0552,0.6893,1]},
{"frame":23,"values":[1,0,0,0,0,-0.2067,0.9784,0,0,-0.9784,-0.2067,0,0,0.0552,0.6892,1]},
{"frame":24,"values":[1,0,0,0,0,-0.2067,0.9784,0,0,-0.9784,-0.2067,0,0,0.0552,0.6891,1]},
{"frame":25,"values":[1,0,0,0,0,-0.2067,0.9784,0,0,-0.9784,-0.2067,0,0,0.0552,0.689,1]},
{"frame":28,"values":[1,0,0,0,0,-0.2067,0.9784,0,0,-0.9784,-0.2067,0,0,0.0552,0.6891,1]},
{"frame":29,"values":[1,0,0,0,0,-0.2067,0.9784,0,0,-0.9784,-0.2067,0,0,0.0552,0.6892,1]},
{"frame":30,"values":[1,0,0,0,0,-0.2067,0.9784,0,0,-0.9784,-0.2067,0,0,0.0552,0.6893,1]},
{"frame":31,"values":[1,0,0,0,0,-0.2067,0.9784,0,0,-0.9784,-0.2067,0,0,0.0552,0.6895,1]},
{"frame":32,"values":[1,0,0,0,0,-0.2067,0.9784,0,0,-0.9784,-0.2067,0,0,0.0552,0.6897,1]},
{"frame":33,"values":[1,0,0,0,0,-0.2067,0.9784,0,0,-0.9784,-0.2067,0,0,0.0552,0.69,1]},
{"frame":34,"values":[1,0,0,0,0,-0.2067,0.9784,0,0,-0.9784,-0.2067,0,0,0.0552,0.6903,1]},
{"frame":35,"values":[1,0,0,0,0,-0.2067,0.9784,0,0,-0.9784,-0.2067,0,0,0.0552,0.6906,1]},
{"frame":36,"values":[1,0,0,0,0,-0.2067,0.9784,0,0,-0.9784,-0.2067,0,0,0.0552,0.691,1]},
{"frame":37,"values":[1,0,0,0,0,-0.2067,0.9784,0,0,-0.9784,-0.2067,0,0,0.0552,0.6914,1]},
{"frame":38,"values":[1,0,0,0,0,-0.2067,0.9784,0,0,-0.9784,-0.2067,0,0,0.0552,0.6917,1]},
{"frame":39,"values":[1,0,0,0,0,-0.2067,0.9784,0,0,-0.9784,-0.2067,0,0,0.0552,0.6921,1]},
{"frame":40,"values":[1,0,0,0,0,-0.2067,0.9784,0,0,-0.9784,-0.2067,0,0,0.0552,0.6925,1]},
{"frame":41,"values":[1,0,0,0,0,-0.2067,0.9784,0,0,-0.9784,-0.2067,0,0,0.0552,0.6929,1]},
{"frame":42,"values":[1,0,0,0,0,-0.2067,0.9784,0,0,-0.9784,-0.2067,0,0,0.0552,0.6932,1]},
{"frame":43,"values":[1,0,0,0,0,-0.2067,0.9784,0,0,-0.9784,-0.2067,0,0,0.0552,0.6936,1]},
{"frame":44,"values":[1,0,0,0,0,-0.2067,0.9784,0,0,-0.9784,-0.2067,0,0,0.0552,0.6939,1]},
{"frame":45,"values":[1,0,0,0,0,-0.2067,0.9784,0,0,-0.9784,-0.2067,0,0,0.0552,0.6941,1]},
{"frame":46,"values":[1,0,0,0,0,-0.2067,0.9784,0,0,-0.9784,-0.2067,0,0,0.0552,0.6944,1]},
{"frame":47,"values":[1,0,0,0,0,-0.2067,0.9784,0,0,-0.9784,-0.2067,0,0,0.0552,0.6946,1]},
{"frame":48,"values":[1,0,0,0,0,-0.2067,0.9784,0,0,-0.9784,-0.2067,0,0,0.0552,0.6947,1]},
{"frame":49,"values":[1,0,0,0,0,-0.2067,0.9784,0,0,-0.9784,-0.2067,0,0,0.0552,0.6948,1]},
{"frame":50,"values":[1,0,0,0,0,-0.2067,0.9784,0,0,-0.9784,-0.2067,0,0,0.0552,0.6949,1]},
{"frame":51,"values":[1,0,0,0,0,-0.2067,0.9784,0,0,-0.9784,-0.2067,0,0,0.0552,0.6949,1]},
{"frame":61,"values":[1,0,0,0,0,-0.2067,0.9784,0,0,-0.9784,-0.2067,0,0,0.0552,0.6949,1]},
{"frame":71,"values":[1,0,0,0,0,-0.2067,0.9784,0,0,-0.9784,-0.2067,0,0,0.0552,0.6949,1]},
{"frame":81,"values":[1,0,0,0,0,-0.2067,0.9784,0,0,-0.9784,-0.2067,0,0,0.0552,0.5938,1]},
{"frame":82,"values":[1,0,0,0,0,-0.2067,0.9784,0,0,-0.9784,-0.2067,0,0,0.0546,0.5984,1]},
{"frame":83,"values":[1,0,0,0,0,-0.2067,0.9784,0,0,-0.9784,-0.2067,0,0,0.0527,0.612,1]},
{"frame":84,"values":[1,0,0,0,0,-0.2067,0.9784,0,0,-0.9784,-0.2067,0,0,0.0499,0.6328,1]},
{"frame":85,"values":[1,0,0,0,0,-0.2067,0.9784,0,0,-0.9784,-0.2067,0,0,0.0467,0.6563,1]},
{"frame":86,"values":[1,0,0,0,0,-0.2067,0.9784,0,0,-0.9784,-0.2067,0,0,0.0439,0.6771,1]},
{"frame":87,"values":[1,0,0,0,0,-0.2067,0.9784,0,0,-0.9784,-0.2067,0,0,0.0421,0.6907,1]},
{"frame":88,"values":[1,0,0,0,0,-0.2067,0.9784,0,0,-0.9784,-0.2067,0,0,0.0415,0.6953,1]},
{"frame":89,"values":[1,0,0,0,0,-0.2067,0.9784,0,0,-0.9784,-0.2067,0,0,0.0421,0.6907,1]},
{"frame":90,"values":[1,0,0,0,0,-0.2067,0.9784,0,0,-0.9784,-0.2067,0,0,0.0439,0.6771,1]},
{"frame":91,"values":[1,0,0,0,0,-0.2067,0.9784,0,0,-0.9784,-0.2067,0,0,0.0467,0.6563,1]},
{"frame":92,"values":[1,0,0,0,0,-0.2067,0.9784,0,0,-0.9784,-0.2067,0,0,0.0499,0.6328,1]},
{"frame":93,"values":[1,0,0,0,0,-0.2067,0.9784,0,0,-0.9784,-0.2067,0,0,0.0527,0.612,1]},
{"frame":94,"values":[1,0,0,0,0,-0.2067,0.9784,0,0,-0.9784,-0.2067,0,0,0.0546,0.5984,1]},
{"frame":95,"values":[1,0,0,0,0,-0.2067,0.9784,0,0,-0.9784,-0.2067,0,0,0.0552,0.5938,1]},
{"frame":96,"values":[1,0,0,0,0,-0.2067,0.9784,0,0,-0.9784,-0.2067,0,0,0.0546,0.5984,1]},
{"frame":97,"values":[1,0,0,0,0,-0.2067,0.9784,0,0,-0.9784,-0.2067,0,0,0.0527,0.612,1]},
{"frame":98,"values":[1,0,0,0,0,-0.2067,0.9784,0,0,-0.9784,-0.2067,0,0,0.0499,0.6328,1]},
{"frame":99,"values":[1,0,0,0,0,-0.2067,0.9784,0,0,-0.9784,-0.2067,0,0,0.0467,0.6563,1]},
{"frame":100,"values":[1,0,0,0,0,-0.2067,0.9784,0,0,-0.9784,-0.2067,0,0,0.0439,0.6771,1]},
{"frame":101,"values":[1,0,0,0,0,-0.2067,0.9784,0,0,-0.9784,-0.2067,0,0,0.0421,0.6907,1]},
{"frame":102,"values":[1,0,0,0,0,-0.2067,0.9784,0,0,-0.9784,-0.2067,0,0,0.0415,0.6953,1]},
{"frame":103,"values":[1,0,0,0,0,-0.2067,0.9784,0,0,-0.9784,-0.2067,0,0,0.0421,0.6907,1]},
{"frame":104,"values":[1,0,0,0,0,-0.2067,0.9784,0,0,-0.9784,-0.2067,0,0,0.0439,0.6771,1]},
{"frame":105,"values":[1,0,0,0,0,-0.2067,0.9784,0,0,-0.9784,-0.2067,0,0,0.0467,0.6563,1]},
{"frame":106,"values":[1,0,0,0,0,-0.2067,0.9784,0,0,-0.9784,-0.2067,0,0,0.0499,0.6328,1]},
{"frame":107,"values":[1,0,0,0,0,-0.2067,0.9784,0,0,-0.9784,-0.2067,0,0,0.0527,0.612,1]},
{"frame":108,"values":[1,0,0,0,0,-0.2067,0.9784,0,0,-0.9784,-0.2067,0,0,0.0546,0.5984,1]},
{"frame":109,"values":[1,0,0,0,0,-0.2067,0.9784,0,0,-0.9784,-0.2067,0,0,0.0552,0.5938,1]}]}},
{"name":"ORG-spine","index":2,"matrix":[1,0,0,0,0,0.9876,-0.1572,0,0,0.1572,0.9876,0,0,0.1838,0,1],"rest":[1,0,0,0,0,0.9876,-0.1572,0,0,0.1572,0.9876,0,0,0.1838,0,1],"parentBoneIndex":1,"length":0.334
,"animation":
{"name":"anim","property":"_matrix","dataType":3,"framePerSecond":24,"loopBehavior":1,"keys":[
{"frame":1,"values":[1,0,0,0,0,0.9876,-0.1572,0,0,0.1572,0.9876,0,0,0.1838,0,1]},
{"frame":3,"values":[1,0,0,0,0,0.9876,-0.1569,0,0,0.1569,0.9876,0,0,0.1838,0,1]},
{"frame":4,"values":[1,0,0,0,0,0.9877,-0.1565,0,0,0.1565,0.9877,0,0,0.1838,0,1]},
{"frame":5,"values":[1,0,0,0,0,0.9878,-0.156,0,0,0.156,0.9878,0,0,0.1838,0,1]},
{"frame":6,"values":[1,0,0,0,0,0.9879,-0.1553,0,0,0.1553,0.9879,0,0,0.1838,0,1]},
{"frame":7,"values":[1,0,0,0,0,0.988,-0.1544,0,0,0.1544,0.988,0,0,0.1838,0,1]},
{"frame":8,"values":[1,0,0,0,0,0.9882,-0.1534,0,0,0.1534,0.9882,0,0,0.1838,0,1]},
{"frame":9,"values":[1,0,0,0,0,0.9883,-0.1523,0,0,0.1523,0.9883,0,0,0.1838,0,1]},
{"frame":10,"values":[1,0,0,0,0,0.9885,-0.1511,0,0,0.1511,0.9885,0,0,0.1838,0,1]},
{"frame":11,"values":[1,0,0,0,0,0.9887,-0.1498,0,0,0.1498,0.9887,0,0,0.1838,0,1]},
{"frame":12,"values":[1,0,0,0,0,0.9889,-0.1484,0,0,0.1484,0.9889,0,0,0.1838,0,1]},
{"frame":13,"values":[1,0,0,0,0,0.9891,-0.1469,0,0,0.1469,0.9891,0,0,0.1838,0,1]},
{"frame":14,"values":[1,0,0,0,0,0.9894,-0.1455,0,0,0.1455,0.9894,0,0,0.1838,0,1]},
{"frame":15,"values":[1,0,0,0,0,0.9896,-0.1441,0,0,0.1441,0.9896,0,0,0.1838,0,1]},
{"frame":16,"values":[1,0,0,0,0,0.9898,-0.1427,0,0,0.1427,0.9898,0,0,0.1838,0,1]},
{"frame":17,"values":[1,0,0,0,0,0.99,-0.1413,0,0,0.1413,0.99,0,0,0.1838,0,1]},
{"frame":18,"values":[1,0,0,0,0,0.9901,-0.1401,0,0,0.1401,0.9901,0,0,0.1838,0,1]},
{"frame":19,"values":[1,0,0,0,0,0.9903,-0.139,0,0,0.139,0.9903,0,0,0.1838,0,1]},
{"frame":20,"values":[1,0,0,0,0,0.9904,-0.138,0,0,0.138,0.9904,0,0,0.1838,0,1]},
{"frame":21,"values":[1,0,0,0,0,0.9906,-0.1371,0,0,0.1371,0.9906,0,0,0.1838,0,1]},
{"frame":22,"values":[1,0,0,0,0,0.9906,-0.1364,0,0,0.1364,0.9906,0,0,0.1838,0,1]},
{"frame":23,"values":[1,0,0,0,0,0.9907,-0.1359,0,0,0.1359,0.9907,0,0,0.1838,0,1]},
{"frame":24,"values":[1,0,0,0,0,0.9908,-0.1355,0,0,0.1355,0.9908,0,0,0.1838,0,1]},
{"frame":25,"values":[1,0,0,0,0,0.9908,-0.1353,0,0,0.1353,0.9908,0,0,0.1838,0,1]},
{"frame":26,"values":[1,0,0,0,0,0.9908,-0.1352,0,0,0.1352,0.9908,0,0,0.1838,0,1]},
{"frame":27,"values":[1,0,0,0,0,0.9908,-0.1353,0,0,0.1353,0.9908,0,0,0.1838,0,1]},
{"frame":28,"values":[1,0,0,0,0,0.9908,-0.1355,0,0,0.1355,0.9908,0,0,0.1838,0,1]},
{"frame":29,"values":[1,0,0,0,0,0.9907,-0.1359,0,0,0.1359,0.9907,0,0,0.1838,0,1]},
{"frame":30,"values":[1,0,0,0,0,0.9906,-0.1364,0,0,0.1364,0.9906,0,0,0.1838,0,1]},
{"frame":31,"values":[1,0,0,0,0,0.9906,-0.1371,0,0,0.1371,0.9906,0,0,0.1838,0,1]},
{"frame":32,"values":[1,0,0,0,0,0.9904,-0.138,0,0,0.138,0.9904,0,0,0.1838,0,1]},
{"frame":33,"values":[1,0,0,0,0,0.9903,-0.139,0,0,0.139,0.9903,0,0,0.1838,0,1]},
{"frame":34,"values":[1,0,0,0,0,0.9901,-0.1401,0,0,0.1401,0.9901,0,0,0.1838,0,1]},
{"frame":35,"values":[1,0,0,0,0,0.99,-0.1413,0,0,0.1413,0.99,0,0,0.1838,0,1]},
{"frame":36,"values":[1,0,0,0,0,0.9898,-0.1427,0,0,0.1427,0.9898,0,0,0.1838,0,1]},
{"frame":37,"values":[1,0,0,0,0,0.9896,-0.1441,0,0,0.1441,0.9896,0,0,0.1838,0,1]},
{"frame":38,"values":[1,0,0,0,0,0.9894,-0.1455,0,0,0.1455,0.9894,0,0,0.1838,0,1]},
{"frame":39,"values":[1,0,0,0,0,0.9891,-0.1469,0,0,0.1469,0.9891,0,0,0.1838,0,1]},
{"frame":40,"values":[1,0,0,0,0,0.9889,-0.1484,0,0,0.1484,0.9889,0,0,0.1838,0,1]},
{"frame":41,"values":[1,0,0,0,0,0.9887,-0.1498,0,0,0.1498,0.9887,0,0,0.1838,0,1]},
{"frame":42,"values":[1,0,0,0,0,0.9885,-0.1511,0,0,0.1511,0.9885,0,0,0.1838,0,1]},
{"frame":43,"values":[1,0,0,0,0,0.9883,-0.1523,0,0,0.1523,0.9883,0,0,0.1838,0,1]},
{"frame":44,"values":[1,0,0,0,0,0.9882,-0.1534,0,0,0.1534,0.9882,0,0,0.1838,0,1]},
{"frame":45,"values":[1,0,0,0,0,0.988,-0.1544,0,0,0.1544,0.988,0,0,0.1838,0,1]},
{"frame":46,"values":[1,0,0,0,0,0.9879,-0.1553,0,0,0.1553,0.9879,0,0,0.1838,0,1]},
{"frame":47,"values":[1,0,0,0,0,0.9878,-0.156,0,0,0.156,0.9878,0,0,0.1838,0,1]},
{"frame":48,"values":[1,0,0,0,0,0.9877,-0.1565,0,0,0.1565,0.9877,0,0,0.1838,0,1]},
{"frame":49,"values":[1,0,0,0,0,0.9876,-0.1569,0,0,0.1569,0.9876,0,0,0.1838,0,1]},
{"frame":50,"values":[1,0,0,0,0,0.9876,-0.1572,0,0,0.1572,0.9876,0,0,0.1838,0,1]},
{"frame":51,"values":[1,0,0,0,0,0.9876,-0.1572,0,0,0.1572,0.9876,0,0,0.1838,0,1]},
{"frame":61,"values":[1,0,0,0,0,0.9876,-0.1572,0,0,0.1572,0.9876,0,0,0.1838,0,1]},
{"frame":71,"values":[1,0,0,0,0,0.9876,-0.1572,0,0,0.1572,0.9876,0,0,0.1838,0,1]},
{"frame":81,"values":[0.9639,0.0551,0.2607,0,-0.0134,0.9872,-0.159,0,-0.2661,0.1498,0.9522,0,0,0.1838,0,1]},
{"frame":82,"values":[0.9658,0.0536,0.2536,0,-0.013,0.9872,-0.1589,0,-0.2588,0.1502,0.9542,0,0,0.1838,0,1]},
{"frame":83,"values":[0.9716,0.0489,0.2313,0,-0.0119,0.9873,-0.1586,0,-0.2361,0.1514,0.9599,0,0,0.1838,0,1]},
{"frame":84,"values":[0.9801,0.041,0.1941,0,-0.01,0.9874,-0.1582,0,-0.1981,0.1531,0.9681,0,0,0.1838,0,1]},
{"frame":85,"values":[0.9889,0.0308,0.1456,0,-0.0075,0.9874,-0.1578,0,-0.1486,0.1549,0.9767,0,0,0.1838,0,1]},
{"frame":86,"values":[0.9955,0.0196,0.0927,0,-0.0048,0.9875,-0.1575,0,-0.0946,0.1563,0.9832,0,0,0.1838,0,1]},
{"frame":87,"values":[0.9991,0.009,0.0426,0,-0.0022,0.9876,-0.1573,0,-0.0435,0.157,0.9866,0,0,0.1838,0,1]},
{"frame":88,"values":[1,0,0,0,0,0.9876,-0.1572,0,0,0.1572,0.9876,0,0,0.1838,0,1]},
{"frame":89,"values":[0.9991,-0.009,-0.0426,0,0.0022,0.9876,-0.1573,0,0.0435,0.157,0.9866,0,0,0.1838,0,1]},
{"frame":90,"values":[0.9955,-0.0196,-0.0927,0,0.0048,0.9875,-0.1575,0,0.0946,0.1563,0.9832,0,0,0.1838,0,1]},
{"frame":91,"values":[0.9889,-0.0308,-0.1456,0,0.0075,0.9874,-0.1578,0,0.1486,0.1549,0.9767,0,0,0.1838,0,1]},
{"frame":92,"values":[0.9801,-0.041,-0.1941,0,0.01,0.9874,-0.1582,0,0.1981,0.1531,0.9681,0,0,0.1838,0,1]},
{"frame":93,"values":[0.9716,-0.0489,-0.2313,0,0.0119,0.9873,-0.1586,0,0.2361,0.1514,0.9599,0,0,0.1838,0,1]},
{"frame":94,"values":[0.9658,-0.0536,-0.2536,0,0.013,0.9872,-0.1589,0,0.2588,0.1502,0.9542,0,0,0.1838,0,1]},
{"frame":95,"values":[0.9639,-0.0551,-0.2607,0,0.0134,0.9872,-0.159,0,0.2661,0.1498,0.9522,0,0,0.1838,0,1]},
{"frame":96,"values":[0.9659,-0.0535,-0.2534,0,0.013,0.9872,-0.1589,0,0.2586,0.1502,0.9542,0,0,0.1838,0,1]},
{"frame":97,"values":[0.9718,-0.0487,-0.2306,0,0.0119,0.9873,-0.1586,0,0.2354,0.1514,0.96,0,0,0.1838,0,1]},
{"frame":98,"values":[0.9804,-0.0407,-0.1928,0,0.0099,0.9874,-0.1582,0,0.1968,0.1532,0.9684,0,0,0.1838,0,1]},
{"frame":99,"values":[0.9891,-0.0304,-0.144,0,0.0074,0.9874,-0.1578,0,0.147,0.155,0.9769,0,0,0.1838,0,1]},
{"frame":100,"values":[0.9956,-0.0193,-0.0913,0,0.0047,0.9875,-0.1575,0,0.0932,0.1563,0.9833,0,0,0.1838,0,1]},
{"frame":101,"values":[0.9991,-0.0089,-0.0419,0,0.0022,0.9876,-0.1573,0,0.0428,0.1571,0.9867,0,0,0.1838,0,1]},
{"frame":102,"values":[1,0,0,0,0,0.9876,-0.1572,0,0,0.1572,0.9876,0,0,0.1838,0,1]},
{"frame":103,"values":[0.9991,0.0089,0.0419,0,-0.0022,0.9876,-0.1573,0,-0.0428,0.1571,0.9867,0,0,0.1838,0,1]},
{"frame":104,"values":[0.9956,0.0193,0.0913,0,-0.0047,0.9875,-0.1575,0,-0.0932,0.1563,0.9833,0,0,0.1838,0,1]},
{"frame":105,"values":[0.9891,0.0304,0.144,0,-0.0074,0.9874,-0.1578,0,-0.147,0.155,0.9769,0,0,0.1838,0,1]},
{"frame":106,"values":[0.9804,0.0407,0.1928,0,-0.0099,0.9874,-0.1582,0,-0.1968,0.1532,0.9684,0,0,0.1838,0,1]},
{"frame":107,"values":[0.9718,0.0487,0.2306,0,-0.0119,0.9873,-0.1586,0,-0.2354,0.1514,0.96,0,0,0.1838,0,1]},
{"frame":108,"values":[0.9659,0.0535,0.2534,0,-0.013,0.9872,-0.1589,0,-0.2586,0.1502,0.9542,0,0,0.1838,0,1]},
{"frame":109,"values":[0.9639,0.0551,0.2607,0,-0.0134,0.9872,-0.159,0,-0.2661,0.1498,0.9522,0,0,0.1838,0,1]}]}},
{"name":"ORG-chest","index":3,"matrix":[1,0,0,0,0,0.9968,-0.08,0,0,0.08,0.9968,0,0,0.334,0,1],"rest":[1,0,0,0,0,0.9968,-0.08,0,0,0.08,0.9968,0,0,0.334,0,1],"parentBoneIndex":2,"length":0.3697
,"animation":
{"name":"anim","property":"_matrix","dataType":3,"framePerSecond":24,"loopBehavior":1,"keys":[
{"frame":1,"values":[1,0,0,0,0,0.9968,-0.08,0,0,0.08,0.9968,0,0,0.334,0,1]},
{"frame":2,"values":[1,0,0,0,0,0.9968,-0.0799,0,0,0.0799,0.9968,0,0,0.334,0,1]},
{"frame":3,"values":[1,0,0,0,0,0.9968,-0.0797,0,0,0.0797,0.9968,0,0,0.334,0,1]},
{"frame":4,"values":[1,0,0,0,0,0.9969,-0.0793,0,0,0.0793,0.9969,0,0,0.334,0,1]},
{"frame":5,"values":[1,0,0,0,0,0.9969,-0.0787,0,0,0.0787,0.9969,0,0,0.334,0,1]},
{"frame":6,"values":[1,0,0,0,0,0.997,-0.078,0,0,0.078,0.997,0,0,0.334,0,1]},
{"frame":7,"values":[1,0,0,0,0,0.997,-0.0772,0,0,0.0772,0.997,0,0,0.334,0,1]},
{"frame":8,"values":[1,0,0,0,0,0.9971,-0.0762,0,0,0.0762,0.9971,0,0,0.334,0,1]},
{"frame":9,"values":[1,0,0,0,0,0.9972,-0.075,0,0,0.075,0.9972,0,0,0.334,0,1]},
{"frame":10,"values":[1,0,0,0,0,0.9973,-0.0738,0,0,0.0738,0.9973,0,0,0.334,0,1]},
{"frame":11,"values":[1,0,0,0,0,0.9974,-0.0724,0,0,0.0724,0.9974,0,0,0.334,0,1]},
{"frame":12,"values":[1,0,0,0,0,0.9975,-0.071,0,0,0.071,0.9975,0,0,0.334,0,1]},
{"frame":13,"values":[1,0,0,0,0,0.9976,-0.0696,0,0,0.0696,0.9976,0,0,0.334,0,1]},
{"frame":14,"values":[1,0,0,0,0,0.9977,-0.0681,0,0,0.0681,0.9977,0,0,0.334,0,1]},
{"frame":15,"values":[1,0,0,0,0,0.9978,-0.0667,0,0,0.0667,0.9978,0,0,0.334,0,1]},
{"frame":16,"values":[1,0,0,0,0,0.9979,-0.0653,0,0,0.0653,0.9979,0,0,0.334,0,1]},
{"frame":17,"values":[1,0,0,0,0,0.998,-0.064,0,0,0.064,0.998,0,0,0.334,0,1]},
{"frame":18,"values":[1,0,0,0,0,0.998,-0.0627,0,0,0.0627,0.998,0,0,0.334,0,1]},
{"frame":19,"values":[1,0,0,0,0,0.9981,-0.0616,0,0,0.0616,0.9981,0,0,0.334,0,1]},
{"frame":20,"values":[1,0,0,0,0,0.9982,-0.0606,0,0,0.0606,0.9982,0,0,0.334,0,1]},
{"frame":21,"values":[1,0,0,0,0,0.9982,-0.0597,0,0,0.0597,0.9982,0,0,0.334,0,1]},
{"frame":22,"values":[1,0,0,0,0,0.9983,-0.059,0,0,0.059,0.9983,0,0,0.334,0,1]},
{"frame":23,"values":[1,0,0,0,0,0.9983,-0.0585,0,0,0.0585,0.9983,0,0,0.334,0,1]},
{"frame":24,"values":[1,0,0,0,0,0.9983,-0.0581,0,0,0.0581,0.9983,0,0,0.334,0,1]},
{"frame":25,"values":[1,0,0,0,0,0.9983,-0.0578,0,0,0.0578,0.9983,0,0,0.334,0,1]},
{"frame":26,"values":[1,0,0,0,0,0.9983,-0.0577,0,0,0.0577,0.9983,0,0,0.334,0,1]},
{"frame":27,"values":[1,0,0,0,0,0.9983,-0.0578,0,0,0.0578,0.9983,0,0,0.334,0,1]},
{"frame":28,"values":[1,0,0,0,0,0.9983,-0.0581,0,0,0.0581,0.9983,0,0,0.334,0,1]},
{"frame":29,"values":[1,0,0,0,0,0.9983,-0.0585,0,0,0.0585,0.9983,0,0,0.334,0,1]},
{"frame":30,"values":[1,0,0,0,0,0.9983,-0.059,0,0,0.059,0.9983,0,0,0.334,0,1]},
{"frame":31,"values":[1,0,0,0,0,0.9982,-0.0597,0,0,0.0597,0.9982,0,0,0.334,0,1]},
{"frame":32,"values":[1,0,0,0,0,0.9982,-0.0606,0,0,0.0606,0.9982,0,0,0.334,0,1]},
{"frame":33,"values":[1,0,0,0,0,0.9981,-0.0616,0,0,0.0616,0.9981,0,0,0.334,0,1]},
{"frame":34,"values":[1,0,0,0,0,0.998,-0.0627,0,0,0.0627,0.998,0,0,0.334,0,1]},
{"frame":35,"values":[1,0,0,0,0,0.998,-0.064,0,0,0.064,0.998,0,0,0.334,0,1]},
{"frame":36,"values":[1,0,0,0,0,0.9979,-0.0653,0,0,0.0653,0.9979,0,0,0.334,0,1]},
{"frame":37,"values":[1,0,0,0,0,0.9978,-0.0667,0,0,0.0667,0.9978,0,0,0.334,0,1]},
{"frame":38,"values":[1,0,0,0,0,0.9977,-0.0681,0,0,0.0681,0.9977,0,0,0.334,0,1]},
{"frame":39,"values":[1,0,0,0,0,0.9976,-0.0696,0,0,0.0696,0.9976,0,0,0.334,0,1]},
{"frame":40,"values":[1,0,0,0,0,0.9975,-0.071,0,0,0.071,0.9975,0,0,0.334,0,1]},
{"frame":41,"values":[1,0,0,0,0,0.9974,-0.0724,0,0,0.0724,0.9974,0,0,0.334,0,1]},
{"frame":42,"values":[1,0,0,0,0,0.9973,-0.0738,0,0,0.0738,0.9973,0,0,0.334,0,1]},
{"frame":43,"values":[1,0,0,0,0,0.9972,-0.075,0,0,0.075,0.9972,0,0,0.334,0,1]},
{"frame":44,"values":[1,0,0,0,0,0.9971,-0.0762,0,0,0.0762,0.9971,0,0,0.334,0,1]},
{"frame":45,"values":[1,0,0,0,0,0.997,-0.0772,0,0,0.0772,0.997,0,0,0.334,0,1]},
{"frame":46,"values":[1,0,0,0,0,0.997,-0.078,0,0,0.078,0.997,0,0,0.334,0,1]},
{"frame":47,"values":[1,0,0,0,0,0.9969,-0.0787,0,0,0.0787,0.9969,0,0,0.334,0,1]},
{"frame":48,"values":[1,0,0,0,0,0.9969,-0.0793,0,0,0.0793,0.9969,0,0,0.334,0,1]},
{"frame":49,"values":[1,0,0,0,0,0.9968,-0.0797,0,0,0.0797,0.9968,0,0,0.334,0,1]},
{"frame":50,"values":[1,0,0,0,0,0.9968,-0.0799,0,0,0.0799,0.9968,0,0,0.334,0,1]},
{"frame":51,"values":[1,0,0,0,0,0.9968,-0.08,0,0,0.08,0.9968,0,0,0.334,0,1]},
{"frame":61,"values":[1,0,0,0,0,0.9968,-0.08,0,0,0.08,0.9968,0,0,0.334,0,1]},
{"frame":71,"values":[1,0,0,0,0,0.9968,-0.08,0,0,0.08,0.9968,0,0,0.334,0,1]},
{"frame":81,"values":[0.9146,-0.0203,-0.4039,0,-0.012,0.9969,-0.0775,0,0.4043,0.0757,0.9115,0,0,0.334,0,1]},
{"frame":82,"values":[0.9192,-0.0198,-0.3932,0,-0.0117,0.9969,-0.0776,0,0.3936,0.0759,0.9162,0,0,0.334,0,1]},
{"frame":83,"values":[0.933,-0.0181,-0.3595,0,-0.0107,0.9969,-0.078,0,0.3598,0.0766,0.9299,0,0,0.334,0,1]},
{"frame":84,"values":[0.953,-0.0152,-0.3026,0,-0.009,0.9969,-0.0786,0,0.3029,0.0776,0.9499,0,0,0.334,0,1]},
{"frame":85,"values":[0.9737,-0.0115,-0.2277,0,-0.0068,0.9968,-0.0792,0,0.2279,0.0787,0.9705,0,0,0.334,0,1]},
{"frame":86,"values":[0.9894,-0.0073,-0.1453,0,-0.0043,0.9968,-0.0797,0,0.1454,0.0795,0.9862,0,0,0.334,0,1]},
{"frame":87,"values":[0.9978,-0.0034,-0.0669,0,-0.002,0.9968,-0.0799,0,0.067,0.0799,0.9946,0,0,0.334,0,1]},
{"frame":88,"values":[1,0,0,0,0,0.9968,-0.08,0,0,0.08,0.9968,0,0,0.334,0,1]},
{"frame":89,"values":[0.9978,0.0034,0.0669,0,0.002,0.9968,-0.0799,0,-0.067,0.0799,0.9946,0,0,0.334,0,1]},
{"frame":90,"values":[0.9894,0.0073,0.1453,0,0.0043,0.9968,-0.0797,0,-0.1454,0.0795,0.9862,0,0,0.334,0,1]},
{"frame":91,"values":[0.9737,0.0115,0.2277,0,0.0068,0.9968,-0.0792,0,-0.2279,0.0787,0.9705,0,0,0.334,0,1]},
{"frame":92,"values":[0.953,0.0152,0.3026,0,0.009,0.9969,-0.0786,0,-0.3029,0.0776,0.9499,0,0,0.334,0,1]},
{"frame":93,"values":[0.933,0.0181,0.3595,0,0.0107,0.9969,-0.078,0,-0.3598,0.0766,0.9299,0,0,0.334,0,1]},
{"frame":94,"values":[0.9192,0.0198,0.3932,0,0.0117,0.9969,-0.0776,0,-0.3936,0.0759,0.9162,0,0,0.334,0,1]},
{"frame":95,"values":[0.9146,0.0203,0.4039,0,0.012,0.9969,-0.0775,0,-0.4043,0.0757,0.9115,0,0,0.334,0,1]},
{"frame":96,"values":[0.9193,0.0198,0.393,0,0.0117,0.9969,-0.0776,0,-0.3934,0.0759,0.9162,0,0,0.334,0,1]},
{"frame":97,"values":[0.9332,0.0181,0.3588,0,0.0107,0.9969,-0.078,0,-0.3591,0.0766,0.9302,0,0,0.334,0,1]},
{"frame":98,"values":[0.9534,0.0152,0.3012,0,0.009,0.9969,-0.0786,0,-0.3015,0.0777,0.9503,0,0,0.334,0,1]},
{"frame":99,"values":[0.9741,0.0114,0.226,0,0.0067,0.9968,-0.0792,0,-0.2261,0.0787,0.9709,0,0,0.334,0,1]},
{"frame":100,"values":[0.9896,0.0072,0.1438,0,0.0043,0.9968,-0.0797,0,-0.144,0.0795,0.9864,0,0,0.334,0,1]},
{"frame":101,"values":[0.9978,0.0033,0.0661,0,0.002,0.9968,-0.0799,0,-0.0662,0.0799,0.9946,0,0,0.334,0,1]},
{"frame":102,"values":[1,0,0,0,0,0.9968,-0.08,0,0,0.08,0.9968,0,0,0.334,0,1]},
{"frame":103,"values":[0.9978,-0.0033,-0.0661,0,-0.002,0.9968,-0.0799,0,0.0662,0.0799,0.9946,0,0,0.334,0,1]},
{"frame":104,"values":[0.9896,-0.0072,-0.1438,0,-0.0043,0.9968,-0.0797,0,0.144,0.0795,0.9864,0,0,0.334,0,1]},
{"frame":105,"values":[0.9741,-0.0114,-0.226,0,-0.0067,0.9968,-0.0792,0,0.2261,0.0787,0.9709,0,0,0.334,0,1]},
{"frame":106,"values":[0.9534,-0.0152,-0.3012,0,-0.009,0.9969,-0.0786,0,0.3015,0.0777,0.9503,0,0,0.334,0,1]},
{"frame":107,"values":[0.9332,-0.0181,-0.3588,0,-0.0107,0.9969,-0.078,0,0.3591,0.0766,0.9302,0,0,0.334,0,1]},
{"frame":108,"values":[0.9193,-0.0198,-0.393,0,-0.0117,0.9969,-0.0776,0,0.3934,0.0759,0.9162,0,0,0.334,0,1]},
{"frame":109,"values":[0.9146,-0.0203,-0.4039,0,-0.012,0.9969,-0.0775,0,0.4043,0.0757,0.9115,0,0,0.334,0,1]}]}},
{"name":"ORG-neck","index":4,"matrix":[1,0.006,0.0027,0,-0.0061,0.9977,0.0679,0,-0.0023,-0.0679,0.9977,0,0.0008,0.4156,-0.0271,1],"rest":[1,0.006,0.0027,0,-0.0061,0.9977,0.0679,0,-0.0023,-0.0679,0.9977,0,0.0008,0.4156,-0.0271,1],"parentBoneIndex":3,"length":0.1345
,"animation":
{"name":"anim","property":"_matrix","dataType":3,"framePerSecond":24,"loopBehavior":1,"keys":[
{"frame":1,"values":[1,0.006,0.0027,0,-0.0061,0.9977,0.0679,0,-0.0023,-0.0679,0.9977,0,0.0008,0.4156,-0.0271,1]},
{"frame":2,"values":[1,0.006,0.0027,0,-0.0061,0.9977,0.0678,0,-0.0023,-0.0678,0.9977,0,0.0008,0.4156,-0.0271,1]},
{"frame":3,"values":[1,0.006,0.0027,0,-0.0061,0.9977,0.0676,0,-0.0023,-0.0676,0.9977,0,0.0008,0.4156,-0.0271,1]},
{"frame":4,"values":[1,0.006,0.0027,0,-0.0061,0.9977,0.0672,0,-0.0023,-0.0672,0.9977,0,0.0008,0.4156,-0.0271,1]},
{"frame":5,"values":[1,0.006,0.0027,0,-0.0061,0.9978,0.0666,0,-0.0023,-0.0667,0.9978,0,0.0008,0.4156,-0.0271,1]},
{"frame":6,"values":[1,0.006,0.0027,0,-0.0061,0.9978,0.0659,0,-0.0023,-0.0659,0.9978,0,0.0008,0.4156,-0.0271,1]},
{"frame":7,"values":[1,0.006,0.0027,0,-0.0061,0.9979,0.0651,0,-0.0023,-0.0651,0.9979,0,0.0008,0.4156,-0.0271,1]},
{"frame":8,"values":[1,0.006,0.0027,0,-0.0061,0.9979,0.0641,0,-0.0023,-0.0641,0.9979,0,0.0008,0.4156,-0.0271,1]},
{"frame":9,"values":[1,0.006,0.0027,0,-0.0061,0.998,0.0629,0,-0.0023,-0.0629,0.998,0,0.0008,0.4156,-0.0271,1]},
{"frame":10,"values":[1,0.006,0.0027,0,-0.0061,0.9981,0.0617,0,-0.0023,-0.0617,0.9981,0,0.0008,0.4156,-0.0271,1]},
{"frame":11,"values":[1,0.006,0.0027,0,-0.0061,0.9981,0.0603,0,-0.0023,-0.0604,0.9982,0,0.0008,0.4156,-0.0271,1]},
{"frame":12,"values":[1,0.006,0.0027,0,-0.0061,0.9982,0.0589,0,-0.0023,-0.0589,0.9982,0,0.0008,0.4156,-0.0271,1]},
{"frame":13,"values":[1,0.006,0.0027,0,-0.0061,0.9983,0.0575,0,-0.0023,-0.0575,0.9983,0,0.0008,0.4156,-0.0271,1]},
{"frame":14,"values":[1,0.006,0.0027,0,-0.0061,0.9984,0.056,0,-0.0023,-0.056,0.9984,0,0.0008,0.4156,-0.0271,1]},
{"frame":15,"values":[1,0.006,0.0027,0,-0.0061,0.9984,0.0545,0,-0.0023,-0.0546,0.9985,0,0.0008,0.4156,-0.0271,1]},
{"frame":16,"values":[1,0.006,0.0027,0,-0.0061,0.9986,0.0532,0,-0.0023,-0.0532,0.9986,0,0.0008,0.4156,-0.0271,1]},
{"frame":17,"values":[1,0.006,0.0027,0,-0.0061,0.9986,0.0519,0,-0.0023,-0.0519,0.9987,0,0.0008,0.4156,-0.0271,1]},
{"frame":18,"values":[1,0.006,0.0026,0,-0.0061,0.9987,0.0506,0,-0.0023,-0.0506,0.9987,0,0.0008,0.4156,-0.0271,1]},
{"frame":19,"values":[1,0.006,0.0026,0,-0.0061,0.9988,0.0495,0,-0.0023,-0.0495,0.9988,0,0.0008,0.4156,-0.0271,1]},
{"frame":20,"values":[1,0.006,0.0026,0,-0.0061,0.9988,0.0485,0,-0.0023,-0.0485,0.9988,0,0.0008,0.4156,-0.0271,1]},
{"frame":21,"values":[1,0.006,0.0026,0,-0.0061,0.9988,0.0476,0,-0.0023,-0.0476,0.9989,0,0.0008,0.4156,-0.0271,1]},
{"frame":22,"values":[1,0.006,0.0026,0,-0.0061,0.9989,0.0469,0,-0.0023,-0.0469,0.9989,0,0.0008,0.4156,-0.0271,1]},
{"frame":23,"values":[1,0.006,0.0026,0,-0.0061,0.9989,0.0463,0,-0.0023,-0.0464,0.9989,0,0.0008,0.4156,-0.0271,1]},
{"frame":24,"values":[1,0.006,0.0026,0,-0.0061,0.9989,0.0459,0,-0.0023,-0.046,0.9989,0,0.0008,0.4156,-0.0271,1]},
{"frame":25,"values":[1,0.006,0.0026,0,-0.0061,0.9989,0.0457,0,-0.0023,-0.0457,0.999,0,0.0008,0.4156,-0.0271,1]},
{"frame":26,"values":[1,0.006,0.0026,0,-0.0061,0.9989,0.0456,0,-0.0023,-0.0456,0.999,0,0.0008,0.4156,-0.0271,1]},
{"frame":27,"values":[1,0.006,0.0026,0,-0.0061,0.9989,0.0457,0,-0.0023,-0.0457,0.999,0,0.0008,0.4156,-0.0271,1]},
{"frame":28,"values":[1,0.006,0.0026,0,-0.0061,0.9989,0.0459,0,-0.0023,-0.046,0.9989,0,0.0008,0.4156,-0.0271,1]},
{"frame":29,"values":[1,0.006,0.0026,0,-0.0061,0.9989,0.0463,0,-0.0023,-0.0464,0.9989,0,0.0008,0.4156,-0.0271,1]},
{"frame":30,"values":[1,0.006,0.0026,0,-0.0061,0.9989,0.0469,0,-0.0023,-0.0469,0.9989,0,0.0008,0.4156,-0.0271,1]},
{"frame":31,"values":[1,0.006,0.0026,0,-0.0061,0.9988,0.0476,0,-0.0023,-0.0476,0.9989,0,0.0008,0.4156,-0.0271,1]},
{"frame":32,"values":[1,0.006,0.0026,0,-0.0061,0.9988,0.0485,0,-0.0023,-0.0485,0.9988,0,0.0008,0.4156,-0.0271,1]},
{"frame":33,"values":[1,0.006,0.0026,0,-0.0061,0.9988,0.0495,0,-0.0023,-0.0495,0.9988,0,0.0008,0.4156,-0.0271,1]},
{"frame":34,"values":[1,0.006,0.0026,0,-0.0061,0.9987,0.0506,0,-0.0023,-0.0506,0.9987,0,0.0008,0.4156,-0.0271,1]},
{"frame":35,"values":[1,0.006,0.0027,0,-0.0061,0.9986,0.0519,0,-0.0023,-0.0519,0.9987,0,0.0008,0.4156,-0.0271,1]},
{"frame":36,"values":[1,0.006,0.0027,0,-0.0061,0.9986,0.0532,0,-0.0023,-0.0532,0.9986,0,0.0008,0.4156,-0.0271,1]},
{"frame":37,"values":[1,0.006,0.0027,0,-0.0061,0.9984,0.0545,0,-0.0023,-0.0546,0.9985,0,0.0008,0.4156,-0.0271,1]},
{"frame":38,"values":[1,0.006,0.0027,0,-0.0061,0.9984,0.056,0,-0.0023,-0.056,0.9984,0,0.0008,0.4156,-0.0271,1]},
{"frame":39,"values":[1,0.006,0.0027,0,-0.0061,0.9983,0.0575,0,-0.0023,-0.0575,0.9983,0,0.0008,0.4156,-0.0271,1]},
{"frame":40,"values":[1,0.006,0.0027,0,-0.0061,0.9982,0.0589,0,-0.0023,-0.0589,0.9982,0,0.0008,0.4156,-0.0271,1]},
{"frame":41,"values":[1,0.006,0.0027,0,-0.0061,0.9981,0.0603,0,-0.0023,-0.0604,0.9982,0,0.0008,0.4156,-0.0271,1]},
{"frame":42,"values":[1,0.006,0.0027,0,-0.0061,0.9981,0.0617,0,-0.0023,-0.0617,0.9981,0,0.0008,0.4156,-0.0271,1]},
{"frame":43,"values":[1,0.006,0.0027,0,-0.0061,0.998,0.0629,0,-0.0023,-0.0629,0.998,0,0.0008,0.4156,-0.0271,1]},
{"frame":44,"values":[1,0.006,0.0027,0,-0.0061,0.9979,0.0641,0,-0.0023,-0.0641,0.9979,0,0.0008,0.4156,-0.0271,1]},
{"frame":45,"values":[1,0.006,0.0027,0,-0.0061,0.9979,0.0651,0,-0.0023,-0.0651,0.9979,0,0.0008,0.4156,-0.0271,1]},
{"frame":46,"values":[1,0.006,0.0027,0,-0.0061,0.9978,0.0659,0,-0.0023,-0.0659,0.9978,0,0.0008,0.4156,-0.0271,1]},
{"frame":47,"values":[1,0.006,0.0027,0,-0.0061,0.9978,0.0666,0,-0.0023,-0.0667,0.9978,0,0.0008,0.4156,-0.0271,1]},
{"frame":48,"values":[1,0.006,0.0027,0,-0.0061,0.9977,0.0672,0,-0.0023,-0.0672,0.9977,0,0.0008,0.4156,-0.0271,1]},
{"frame":49,"values":[1,0.006,0.0027,0,-0.0061,0.9977,0.0676,0,-0.0023,-0.0676,0.9977,0,0.0008,0.4156,-0.0271,1]},
{"frame":50,"values":[1,0.006,0.0027,0,-0.0061,0.9977,0.0678,0,-0.0023,-0.0678,0.9977,0,0.0008,0.4156,-0.0271,1]},
{"frame":51,"values":[1,0.006,0.0027,0,-0.0061,0.9977,0.0679,0,-0.0023,-0.0679,0.9977,0,0.0008,0.4156,-0.0271,1]},
{"frame":61,"values":[1,0.006,0.0027,0,-0.0061,0.9977,0.0679,0,-0.0023,-0.0679,0.9977,0,0.0008,0.4156,-0.0271,1]},
{"frame":71,"values":[1,0.006,0.0027,0,-0.0061,0.9977,0.0679,0,-0.0023,-0.0679,0.9977,0,0.0008,0.4156,-0.0271,1]},
{"frame":81,"values":[0.9971,0.0038,0.076,0,-0.0089,0.9977,0.0674,0,-0.0756,-0.0678,0.9948,0,0.0008,0.4156,-0.0271,1]},
{"frame":82,"values":[0.9973,0.0038,0.0739,0,-0.0088,0.9977,0.0674,0,-0.0735,-0.0678,0.995,0,0.0008,0.4156,-0.0271,1]},
{"frame":83,"values":[0.9977,0.004,0.0675,0,-0.0086,0.9977,0.0674,0,-0.067,-0.0679,0.9954,0,0.0008,0.4156,-0.0271,1]},
{"frame":84,"values":[0.9984,0.0044,0.0568,0,-0.0082,0.9977,0.0675,0,-0.0563,-0.0679,0.9961,0,0.0008,0.4156,-0.0271,1]},
{"frame":85,"values":[0.9991,0.0048,0.0431,0,-0.0077,0.9977,0.0676,0,-0.0426,-0.0679,0.9968,0,0.0008,0.4156,-0.0271,1]},
{"frame":86,"values":[0.9996,0.0052,0.0283,0,-0.0071,0.9977,0.0677,0,-0.0279,-0.0679,0.9973,0,0.0008,0.4156,-0.0271,1]},
{"frame":87,"values":[0.9999,0.0056,0.0145,0,-0.0066,0.9976,0.0678,0,-0.0141,-0.0679,0.9976,0,0.0008,0.4156,-0.0271,1]},
{"frame":88,"values":[1,0.006,0.0027,0,-0.0061,0.9977,0.0679,0,-0.0023,-0.0679,0.9977,0,0.0008,0.4156,-0.0271,1]},
{"frame":89,"values":[0.9999,0.0063,-0.009,0,-0.0057,0.9976,0.0679,0,0.0094,-0.0679,0.9976,0,0.0008,0.4156,-0.0271,1]},
{"frame":90,"values":[0.9997,0.0067,-0.0228,0,-0.0052,0.9977,0.068,0,0.0232,-0.0679,0.9974,0,0.0008,0.4156,-0.0271,1]},
{"frame":91,"values":[0.9993,0.0072,-0.0376,0,-0.0046,0.9977,0.0681,0,0.038,-0.0679,0.997,0,0.0008,0.4156,-0.0271,1]},
{"frame":92,"values":[0.9987,0.0076,-0.0513,0,-0.0041,0.9977,0.0682,0,0.0517,-0.0679,0.9964,0,0.0008,0.4156,-0.0271,1]},
{"frame":93,"values":[0.998,0.0079,-0.062,0,-0.0037,0.9977,0.0682,0,0.0624,-0.0679,0.9957,0,0.0008,0.4156,-0.0271,1]},
{"frame":94,"values":[0.9976,0.0081,-0.0684,0,-0.0034,0.9977,0.0682,0,0.0688,-0.0678,0.9953,0,0.0008,0.4156,-0.0271,1]},
{"frame":95,"values":[0.9975,0.0081,-0.0705,0,-0.0033,0.9977,0.0682,0,0.0709,-0.0678,0.9952,0,0.0008,0.4156,-0.0271,1]},
{"frame":96,"values":[0.9976,0.0081,-0.0684,0,-0.0034,0.9977,0.0682,0,0.0688,-0.0678,0.9953,0,0.0008,0.4156,-0.0271,1]},
{"frame":97,"values":[0.998,0.0079,-0.0619,0,-0.0037,0.9977,0.0682,0,0.0623,-0.0679,0.9957,0,0.0008,0.4156,-0.0271,1]},
{"frame":98,"values":[0.9987,0.0076,-0.0512,0,-0.0041,0.9977,0.0682,0,0.0516,-0.0679,0.9964,0,0.0008,0.4156,-0.0271,1]},
{"frame":99,"values":[0.9993,0.0072,-0.0375,0,-0.0046,0.9977,0.0681,0,0.0379,-0.0679,0.997,0,0.0008,0.4156,-0.0271,1]},
{"frame":100,"values":[0.9997,0.0067,-0.0228,0,-0.0052,0.9977,0.068,0,0.0232,-0.0679,0.9974,0,0.0008,0.4156,-0.0271,1]},
{"frame":101,"values":[0.9999,0.0063,-0.009,0,-0.0057,0.9976,0.0679,0,0.0094,-0.0679,0.9976,0,0.0008,0.4156,-0.0271,1]},
{"frame":102,"values":[1,0.006,0.0027,0,-0.0061,0.9977,0.0679,0,-0.0023,-0.0679,0.9977,0,0.0008,0.4156,-0.0271,1]},
{"frame":103,"values":[0.9999,0.0056,0.0145,0,-0.0066,0.9976,0.0678,0,-0.014,-0.0679,0.9976,0,0.0008,0.4156,-0.0271,1]},
{"frame":104,"values":[0.9996,0.0052,0.0283,0,-0.0071,0.9977,0.0677,0,-0.0278,-0.0679,0.9973,0,0.0008,0.4156,-0.0271,1]},
{"frame":105,"values":[0.9991,0.0048,0.043,0,-0.0077,0.9977,0.0676,0,-0.0426,-0.0679,0.9968,0,0.0008,0.4156,-0.0271,1]},
{"frame":106,"values":[0.9984,0.0044,0.0567,0,-0.0082,0.9977,0.0675,0,-0.0563,-0.0679,0.9961,0,0.0008,0.4156,-0.0271,1]},
{"frame":107,"values":[0.9977,0.004,0.0674,0,-0.0086,0.9977,0.0674,0,-0.067,-0.0679,0.9954,0,0.0008,0.4156,-0.0271,1]},
{"frame":108,"values":[0.9973,0.0038,0.0739,0,-0.0088,0.9977,0.0674,0,-0.0735,-0.0678,0.995,0,0.0008,0.4156,-0.0271,1]},
{"frame":109,"values":[0.9971,0.0038,0.076,0,-0.0089,0.9977,0.0674,0,-0.0756,-0.0678,0.9948,0,0.0008,0.4156,-0.0271,1]}]}},
{"name":"ORG-head","index":5,"matrix":[1,-0.0061,-0.0023,0,0.0061,1,-0.0068,0,0.0024,0.0068,1,0,0,0.1345,0,1],"rest":[1,-0.0061,-0.0023,0,0.0061,1,-0.0068,0,0.0024,0.0068,1,0,0,0.1345,0,1],"parentBoneIndex":4,"length":0.3514
,"animation":
{"name":"anim","property":"_matrix","dataType":3,"framePerSecond":24,"loopBehavior":1,"keys":[
{"frame":1,"values":[1,-0.0061,-0.0023,0,0.0061,1,-0.0068,0,0.0024,0.0068,1,0,0,0.1345,0,1]},
{"frame":3,"values":[1,-0.0061,-0.0023,0,0.0061,1,-0.0071,0,0.0024,0.0071,1,0,0,0.1345,0,1]},
{"frame":4,"values":[1,-0.0061,-0.0023,0,0.0061,1,-0.0075,0,0.0024,0.0075,1,0,0,0.1345,0,1]},
{"frame":5,"values":[1,-0.0061,-0.0023,0,0.0061,0.9999,-0.008,0,0.0024,0.008,1,0,0,0.1345,0,1]},
{"frame":6,"values":[1,-0.0061,-0.0023,0,0.0061,0.9999,-0.0088,0,0.0024,0.0087,1,0,0,0.1345,0,1]},
{"frame":7,"values":[1,-0.0061,-0.0023,0,0.0061,0.9999,-0.0096,0,0.0024,0.0096,1,0,0,0.1345,0,1]},
{"frame":8,"values":[1,-0.0061,-0.0023,0,0.0061,0.9999,-0.0106,0,0.0024,0.0106,0.9999,0,0,0.1345,0,1]},
{"frame":9,"values":[1,-0.0061,-0.0023,0,0.0061,0.9999,-0.0117,0,0.0024,0.0117,0.9999,0,0,0.1345,0,1]},
{"frame":10,"values":[1,-0.0061,-0.0023,0,0.0061,0.9999,-0.013,0,0.0024,0.013,0.9999,0,0,0.1345,0,1]},
{"frame":11,"values":[1,-0.0061,-0.0023,0,0.0061,0.9999,-0.0143,0,0.0024,0.0143,0.9999,0,0,0.1345,0,1]},
{"frame":12,"values":[1,-0.0061,-0.0023,0,0.0061,0.9999,-0.0157,0,0.0024,0.0157,0.9999,0,0,0.1345,0,1]},
{"frame":13,"values":[1,-0.0061,-0.0023,0,0.0061,0.9999,-0.0172,0,0.0024,0.0172,0.9999,0,0,0.1345,0,1]},
{"frame":14,"values":[1,-0.0061,-0.0023,0,0.0061,0.9998,-0.0186,0,0.0025,0.0186,0.9999,0,0,0.1345,0,1]},
{"frame":15,"values":[1,-0.0061,-0.0023,0,0.0061,0.9998,-0.0201,0,0.0025,0.02,0.9998,0,0,0.1345,0,1]},
{"frame":16,"values":[1,-0.0061,-0.0023,0,0.0061,0.9998,-0.0215,0,0.0025,0.0215,0.9998,0,0,0.1345,0,1]},
{"frame":17,"values":[1,-0.0061,-0.0023,0,0.0061,0.9997,-0.0228,0,0.0025,0.0228,0.9997,0,0,0.1345,0,1]},
{"frame":18,"values":[1,-0.0061,-0.0023,0,0.0061,0.9997,-0.0241,0,0.0025,0.0241,0.9997,0,0,0.1345,0,1]},
{"frame":19,"values":[1,-0.0061,-0.0023,0,0.0061,0.9997,-0.0252,0,0.0025,0.0252,0.9997,0,0,0.1345,0,1]},
{"frame":20,"values":[1,-0.0061,-0.0023,0,0.0061,0.9996,-0.0262,0,0.0025,0.0262,0.9997,0,0,0.1345,0,1]},
{"frame":21,"values":[1,-0.0061,-0.0023,0,0.0061,0.9996,-0.0271,0,0.0025,0.0271,0.9996,0,0,0.1345,0,1]},
{"frame":22,"values":[1,-0.0061,-0.0023,0,0.0061,0.9996,-0.0278,0,0.0025,0.0278,0.9996,0,0,0.1345,0,1]},
{"frame":23,"values":[1,-0.0061,-0.0023,0,0.0061,0.9996,-0.0284,0,0.0025,0.0283,0.9996,0,0,0.1345,0,1]},
{"frame":24,"values":[1,-0.0061,-0.0023,0,0.0061,0.9996,-0.0288,0,0.0025,0.0287,0.9996,0,0,0.1345,0,1]},
{"frame":25,"values":[1,-0.0061,-0.0023,0,0.0061,0.9996,-0.029,0,0.0025,0.029,0.9996,0,0,0.1345,0,1]},
{"frame":26,"values":[1,-0.0061,-0.0023,0,0.0061,0.9996,-0.0291,0,0.0025,0.0291,0.9996,0,0,0.1345,0,1]},
{"frame":27,"values":[1,-0.0061,-0.0023,0,0.0061,0.9996,-0.029,0,0.0025,0.029,0.9996,0,0,0.1345,0,1]},
{"frame":28,"values":[1,-0.0061,-0.0023,0,0.0061,0.9996,-0.0288,0,0.0025,0.0287,0.9996,0,0,0.1345,0,1]},
{"frame":29,"values":[1,-0.0061,-0.0023,0,0.0061,0.9996,-0.0284,0,0.0025,0.0283,0.9996,0,0,0.1345,0,1]},
{"frame":30,"values":[1,-0.0061,-0.0023,0,0.0061,0.9996,-0.0278,0,0.0025,0.0278,0.9996,0,0,0.1345,0,1]},
{"frame":31,"values":[1,-0.0061,-0.0023,0,0.0061,0.9996,-0.0271,0,0.0025,0.0271,0.9996,0,0,0.1345,0,1]},
{"frame":32,"values":[1,-0.0061,-0.0023,0,0.0061,0.9996,-0.0262,0,0.0025,0.0262,0.9997,0,0,0.1345,0,1]},
{"frame":33,"values":[1,-0.0061,-0.0023,0,0.0061,0.9997,-0.0252,0,0.0025,0.0252,0.9997,0,0,0.1345,0,1]},
{"frame":34,"values":[1,-0.0061,-0.0023,0,0.0061,0.9997,-0.0241,0,0.0025,0.0241,0.9997,0,0,0.1345,0,1]},
{"frame":35,"values":[1,-0.0061,-0.0023,0,0.0061,0.9997,-0.0228,0,0.0025,0.0228,0.9997,0,0,0.1345,0,1]},
{"frame":36,"values":[1,-0.0061,-0.0023,0,0.0061,0.9998,-0.0215,0,0.0025,0.0215,0.9998,0,0,0.1345,0,1]},
{"frame":37,"values":[1,-0.0061,-0.0023,0,0.0061,0.9998,-0.0201,0,0.0025,0.02,0.9998,0,0,0.1345,0,1]},
{"frame":38,"values":[1,-0.0061,-0.0023,0,0.0061,0.9998,-0.0186,0,0.0025,0.0186,0.9999,0,0,0.1345,0,1]},
{"frame":39,"values":[1,-0.0061,-0.0023,0,0.0061,0.9999,-0.0172,0,0.0024,0.0172,0.9999,0,0,0.1345,0,1]},
{"frame":40,"values":[1,-0.0061,-0.0023,0,0.0061,0.9999,-0.0157,0,0.0024,0.0157,0.9999,0,0,0.1345,0,1]},
{"frame":41,"values":[1,-0.0061,-0.0023,0,0.0061,0.9999,-0.0143,0,0.0024,0.0143,0.9999,0,0,0.1345,0,1]},
{"frame":42,"values":[1,-0.0061,-0.0023,0,0.0061,0.9999,-0.013,0,0.0024,0.013,0.9999,0,0,0.1345,0,1]},
{"frame":43,"values":[1,-0.0061,-0.0023,0,0.0061,0.9999,-0.0117,0,0.0024,0.0117,0.9999,0,0,0.1345,0,1]},
{"frame":44,"values":[1,-0.0061,-0.0023,0,0.0061,0.9999,-0.0106,0,0.0024,0.0106,0.9999,0,0,0.1345,0,1]},
{"frame":45,"values":[1,-0.0061,-0.0023,0,0.0061,0.9999,-0.0096,0,0.0024,0.0096,1,0,0,0.1345,0,1]},
{"frame":46,"values":[1,-0.0061,-0.0023,0,0.0061,0.9999,-0.0088,0,0.0024,0.0087,1,0,0,0.1345,0,1]},
{"frame":47,"values":[1,-0.0061,-0.0023,0,0.0061,0.9999,-0.008,0,0.0024,0.008,1,0,0,0.1345,0,1]},
{"frame":48,"values":[1,-0.0061,-0.0023,0,0.0061,1,-0.0075,0,0.0024,0.0075,1,0,0,0.1345,0,1]},
{"frame":49,"values":[1,-0.0061,-0.0023,0,0.0061,1,-0.0071,0,0.0024,0.0071,1,0,0,0.1345,0,1]},
{"frame":50,"values":[1,-0.0061,-0.0023,0,0.0061,1,-0.0068,0,0.0024,0.0068,1,0,0,0.1345,0,1]},
{"frame":51,"values":[1,-0.0061,-0.0023,0,0.0061,1,-0.0068,0,0.0024,0.0068,1,0,0,0.1345,0,1]},
{"frame":61,"values":[1,-0.0061,-0.0023,0,0.0061,1,-0.0068,0,0.0024,0.0068,1,0,0,0.1345,0,1]},
{"frame":71,"values":[1,-0.0061,-0.0023,0,0.0061,1,-0.0068,0,0.0024,0.0068,1,0,0,0.1345,0,1]},
